         1      -0.171045405447781E+03      -0.110843867592593E+02
      -0.171047130000000E+03      -0.110919010000000E+02
      -0.171050384000000E+03      -0.110895500000000E+02
      -0.171052782000000E+03      -0.110865900000000E+02
      -0.171053716000000E+03      -0.110831950000000E+02
      -0.171053288000000E+03      -0.110811680000000E+02
      -0.171050886000000E+03      -0.110799060000000E+02
      -0.171045864000000E+03      -0.110788240000000E+02
      -0.171042341000000E+03      -0.110785240000000E+02
      -0.171040802000000E+03      -0.110790430000000E+02
      -0.171038145000000E+03      -0.110820210000000E+02
      -0.171037383000000E+03      -0.110845170000000E+02
      -0.171039864000000E+03      -0.110877280000000E+02
      -0.171042785000000E+03      -0.110901020000000E+02
      -0.171044961000000E+03      -0.110914710000000E+02
      -0.171047130000000E+03      -0.110919010000000E+02
END
         2      -0.169614117552256E+03      -0.141839250304023E+02
      -0.169608992675662E+03      -0.141769801216677E+02
      -0.169608681000000E+03      -0.141780270000000E+02
      -0.169606271000000E+03      -0.141824250000000E+02
      -0.169605737000000E+03      -0.141849120000000E+02
      -0.169608176000000E+03      -0.141883140000000E+02
      -0.169612064000000E+03      -0.141968420000000E+02
      -0.169613851000000E+03      -0.141955930000000E+02
      -0.169620716000000E+03      -0.141859200000000E+02
      -0.169630153000000E+03      -0.141739300000000E+02
      -0.169630101786255E+03      -0.141738933385392E+02
      -0.169630036991691E+03      -0.141738469552216E+02
      -0.169627964000000E+03      -0.141723630000000E+02
      -0.169625332000000E+03      -0.141721260000000E+02
      -0.169619170000000E+03      -0.141690940000000E+02
      -0.169616405000000E+03      -0.141646430000000E+02
      -0.169615724000000E+03      -0.141620070000000E+02
      -0.169614254000000E+03      -0.141608150000000E+02
      -0.169611230000000E+03      -0.141604560000000E+02
      -0.169608980000000E+03      -0.141625540000000E+02
      -0.169609404000000E+03      -0.141683720000000E+02
      -0.169609278532897E+03      -0.141712577433755E+02
      -0.169609189000000E+03      -0.141733170000000E+02
      -0.169609425000000E+03      -0.141755280000000E+02
      -0.169608992675662E+03      -0.141769801216677E+02
END
         3      -0.169658929572466E+03      -0.141754134506173E+02
      -0.169677712911285E+03      -0.141637741198207E+02
      -0.169677643000000E+03      -0.141636910000000E+02
      -0.169676839000000E+03      -0.141646730000000E+02
      -0.169668298000000E+03      -0.141656160000000E+02
      -0.169665660000000E+03      -0.141682210000000E+02
      -0.169650256000000E+03      -0.141716330000000E+02
      -0.169649033266146E+03      -0.141718279257828E+02
      -0.169645015227962E+03      -0.141724684733852E+02
      -0.169643933000000E+03      -0.141726410000000E+02
      -0.169642835800649E+03      -0.141725504461597E+02
      -0.169641229552783E+03      -0.141724178796277E+02
      -0.169640710000000E+03      -0.141723750000000E+02
      -0.169637607000000E+03      -0.141711600000000E+02
      -0.169634316000000E+03      -0.141713400000000E+02
      -0.169634280129498E+03      -0.141713574042958E+02
      -0.169633341242526E+03      -0.141718129503778E+02
      -0.169631715000000E+03      -0.141726020000000E+02
      -0.169631524584507E+03      -0.141729441433930E+02
      -0.169631486506873E+03      -0.141730125622539E+02
      -0.169631400000000E+03      -0.141731680000000E+02
      -0.169632087219630E+03      -0.141740153145390E+02
      -0.169632383000000E+03      -0.141743800000000E+02
      -0.169636212000000E+03      -0.141756010000000E+02
      -0.169638367000000E+03      -0.141751580000000E+02
      -0.169641211000000E+03      -0.141754100000000E+02
      -0.169645651000000E+03      -0.141772220000000E+02
      -0.169648990000000E+03      -0.141794250000000E+02
      -0.169654832000000E+03      -0.141851140000000E+02
      -0.169657891000000E+03      -0.141874060000000E+02
      -0.169661885000000E+03      -0.141891160000000E+02
      -0.169663321459008E+03      -0.141894377551352E+02
      -0.169665395889963E+03      -0.141899024107981E+02
      -0.169667432936813E+03      -0.141903586927258E+02
      -0.169667787000000E+03      -0.141904380000000E+02
      -0.169668387247373E+03      -0.141902398623564E+02
      -0.169669847057870E+03      -0.141897579886736E+02
      -0.169670359000000E+03      -0.141895890000000E+02
      -0.169672460000000E+03      -0.141877170000000E+02
      -0.169674923000000E+03      -0.141840020000000E+02
      -0.169675336000000E+03      -0.141813480000000E+02
      -0.169675068000000E+03      -0.141794710000000E+02
      -0.169677095000000E+03      -0.141742380000000E+02
      -0.169679055000000E+03      -0.141718770000000E+02
      -0.169677934000000E+03      -0.141703450000000E+02
      -0.169677760000000E+03      -0.141692660000000E+02
      -0.169679063792448E+03      -0.141664106658429E+02
      -0.169679123000000E+03      -0.141662810000000E+02
      -0.169678997530436E+03      -0.141656472328053E+02
      -0.169678917227079E+03      -0.141652416074762E+02
      -0.169678908000000E+03      -0.141651950000000E+02
      -0.169678557285929E+03      -0.141647780245359E+02
      -0.169677712911285E+03      -0.141637741198207E+02
END
         4      -0.169682437003285E+03      -0.141718444444444E+02
      -0.169682093000000E+03      -0.141751710000000E+02
      -0.169683326000000E+03      -0.141745750000000E+02
      -0.169684681000000E+03      -0.141701350000000E+02
      -0.169684537000000E+03      -0.141692490000000E+02
      -0.169682404000000E+03      -0.141696420000000E+02
      -0.169680488000000E+03      -0.141721400000000E+02
      -0.169680870000000E+03      -0.141740380000000E+02
      -0.169682093000000E+03      -0.141751710000000E+02
END
         5      -0.169477516459488E+03      -0.142298382560071E+02
      -0.169457656966306E+03      -0.142177583128918E+02
      -0.169455213000000E+03      -0.142172180000000E+02
      -0.169455063912895E+03      -0.142172457405858E+02
      -0.169445163000000E+03      -0.142190880000000E+02
      -0.169441068000000E+03      -0.142193270000000E+02
      -0.169430317000000E+03      -0.142178070000000E+02
      -0.169428637000000E+03      -0.142168200000000E+02
      -0.169427011948366E+03      -0.142174169376067E+02
      -0.169426990000000E+03      -0.142174250000000E+02
      -0.169424443952086E+03      -0.142197623837320E+02
      -0.169422603727154E+03      -0.142214517909881E+02
      -0.169419891242206E+03      -0.142239419712230E+02
      -0.169419608000000E+03      -0.142242020000000E+02
      -0.169419656670795E+03      -0.142248361402269E+02
      -0.169420050329627E+03      -0.142299651894162E+02
      -0.169420225000000E+03      -0.142322410000000E+02
      -0.169420422599640E+03      -0.142332893072570E+02
      -0.169421185000000E+03      -0.142373340000000E+02
      -0.169422106000000E+03      -0.142417400000000E+02
      -0.169422118000000E+03      -0.142504880000000E+02
      -0.169423204000000E+03      -0.142590000000000E+02
      -0.169424550789486E+03      -0.142620088678401E+02
      -0.169424588000000E+03      -0.142620920000000E+02
      -0.169426708000000E+03      -0.142626800000000E+02
      -0.169429457000000E+03      -0.142623240000000E+02
      -0.169436307000000E+03      -0.142602350000000E+02
      -0.169442431994490E+03      -0.142576171892134E+02
      -0.169443125000000E+03      -0.142573210000000E+02
      -0.169443249356935E+03      -0.142572072201297E+02
      -0.169445159000000E+03      -0.142554600000000E+02
      -0.169451282000000E+03      -0.142533520000000E+02
      -0.169454703801145E+03      -0.142534321493532E+02
      -0.169457814000000E+03      -0.142535050000000E+02
      -0.169461161000000E+03      -0.142541310000000E+02
      -0.169461710691745E+03      -0.142544068236816E+02
      -0.169467907000000E+03      -0.142575160000000E+02
      -0.169472836000000E+03      -0.142616780000000E+02
      -0.169480138000000E+03      -0.142714130000000E+02
      -0.169482017000000E+03      -0.142730140000000E+02
      -0.169483476000000E+03      -0.142772620000000E+02
      -0.169484818325166E+03      -0.142773627364173E+02
      -0.169486181000000E+03      -0.142774650000000E+02
      -0.169488031579926E+03      -0.142771479026857E+02
      -0.169490220976993E+03      -0.142767727489731E+02
      -0.169490558000000E+03      -0.142767150000000E+02
      -0.169491664000000E+03      -0.142758730000000E+02
      -0.169495682000000E+03      -0.142702430000000E+02
      -0.169495715463634E+03      -0.142701416851336E+02
      -0.169496515000000E+03      -0.142677210000000E+02
      -0.169496480000000E+03      -0.142655870000000E+02
      -0.169497799000000E+03      -0.142614520000000E+02
      -0.169501980000000E+03      -0.142519390000000E+02
      -0.169509002000000E+03      -0.142445480000000E+02
      -0.169511570000000E+03      -0.142429260000000E+02
      -0.169513705306438E+03      -0.142385406604679E+02
      -0.169513809809650E+03      -0.142383260392502E+02
      -0.169514641000000E+03      -0.142366190000000E+02
      -0.169516808000000E+03      -0.142284860000000E+02
      -0.169517180000000E+03      -0.142263020000000E+02
      -0.169516714303844E+03      -0.142254279053823E+02
      -0.169516636927730E+03      -0.142252826732529E+02
      -0.169516416000000E+03      -0.142248680000000E+02
      -0.169512366000000E+03      -0.142258060000000E+02
      -0.169509231000000E+03      -0.142242500000000E+02
      -0.169506305245700E+03      -0.142178303159060E+02
      -0.169506301000000E+03      -0.142178210000000E+02
      -0.169506278540377E+03      -0.142178238949540E+02
      -0.169504408000000E+03      -0.142180650000000E+02
      -0.169502751000000E+03      -0.142205530000000E+02
      -0.169500000000000E+03      -0.142223600000000E+02
      -0.169497544000000E+03      -0.142228540000000E+02
      -0.169495872000000E+03      -0.142226180000000E+02
      -0.169487569000000E+03      -0.142206310000000E+02
      -0.169466616000000E+03      -0.142211660000000E+02
      -0.169463192000000E+03      -0.142189820000000E+02
      -0.169457656966306E+03      -0.142177583128918E+02
END
         6      -0.170671176148370E+03      -0.142387998580247E+02
      -0.170671530000000E+03      -0.142433830000000E+02
      -0.170671963000000E+03      -0.142415070000000E+02
      -0.170671534000000E+03      -0.142352240000000E+02
      -0.170671105000000E+03      -0.142355240000000E+02
      -0.170670426000000E+03      -0.142397140000000E+02
      -0.170671530000000E+03      -0.142433830000000E+02
END
         7      -0.170659710530619E+03      -0.142814636295602E+02
      -0.170739139000000E+03      -0.142964850000000E+02
      -0.170738004000000E+03      -0.142956300000000E+02
      -0.170737653000000E+03      -0.142945530000000E+02
      -0.170737768000000E+03      -0.142937600000000E+02
      -0.170738477000000E+03      -0.142935190000000E+02
      -0.170738904000000E+03      -0.142925250000000E+02
      -0.170734238874469E+03      -0.142898551249210E+02
      -0.170729451000000E+03      -0.142871150000000E+02
      -0.170726142160298E+03      -0.142889652847268E+02
      -0.170724138000000E+03      -0.142900860000000E+02
      -0.170723972000000E+03      -0.142917690000000E+02
      -0.170722534000000E+03      -0.142931830000000E+02
      -0.170721224000000E+03      -0.142928150000000E+02
      -0.170719669000000E+03      -0.142914850000000E+02
      -0.170719266000000E+03      -0.142897000000000E+02
      -0.170719812000000E+03      -0.142882000000000E+02
      -0.170721383000000E+03      -0.142872710000000E+02
      -0.170721502842177E+03      -0.142845789824754E+02
      -0.170721694000000E+03      -0.142802850000000E+02
      -0.170720738737240E+03      -0.142782422508410E+02
      -0.170720640585592E+03      -0.142780323617885E+02
      -0.170720343000000E+03      -0.142773960000000E+02
      -0.170719189818815E+03      -0.142767692492136E+02
      -0.170716906000000E+03      -0.142755280000000E+02
      -0.170715711000000E+03      -0.142743410000000E+02
      -0.170715678668178E+03      -0.142742562622024E+02
      -0.170715165000000E+03      -0.142729100000000E+02
      -0.170711626000000E+03      -0.142676610000000E+02
      -0.170706500000000E+03      -0.142672090000000E+02
      -0.170705274000000E+03      -0.142675020000000E+02
      -0.170703219000000E+03      -0.142669550000000E+02
      -0.170700348000000E+03      -0.142589760000000E+02
      -0.170693936000000E+03      -0.142580840000000E+02
      -0.170688986018882E+03      -0.142587534986179E+02
      -0.170687962000000E+03      -0.142588920000000E+02
      -0.170687508167245E+03      -0.142586619368624E+02
      -0.170687507836993E+03      -0.142586617694462E+02
      -0.170687313000000E+03      -0.142585630000000E+02
      -0.170687290792276E+03      -0.142583547865378E+02
      -0.170687140000000E+03      -0.142569410000000E+02
      -0.170688743000000E+03      -0.142544600000000E+02
      -0.170688894000000E+03      -0.142531520000000E+02
      -0.170686404000000E+03      -0.142515960000000E+02
      -0.170683635000000E+03      -0.142526740000000E+02
      -0.170682389000000E+03      -0.142523470000000E+02
      -0.170679420409269E+03      -0.142498342730978E+02
      -0.170676855964454E+03      -0.142476636305076E+02
      -0.170675448903663E+03      -0.142464726413066E+02
      -0.170673715000000E+03      -0.142450050000000E+02
      -0.170672262000000E+03      -0.142442960000000E+02
      -0.170671427000000E+03      -0.142443530000000E+02
      -0.170671165000000E+03      -0.142461970000000E+02
      -0.170672468000000E+03      -0.142500000000000E+02
      -0.170673960000000E+03      -0.142535320000000E+02
      -0.170673740000000E+03      -0.142553050000000E+02
      -0.170671312000000E+03      -0.142560050000000E+02
      -0.170669005000000E+03      -0.142551940000000E+02
      -0.170665659426594E+03      -0.142523345051142E+02
      -0.170665247000000E+03      -0.142519820000000E+02
      -0.170660150000000E+03      -0.142512750000000E+02
      -0.170655780000000E+03      -0.142559600000000E+02
      -0.170654974109555E+03      -0.142572358899164E+02
      -0.170652529000000E+03      -0.142611070000000E+02
      -0.170652380000000E+03      -0.142627130000000E+02
      -0.170650972000000E+03      -0.142634040000000E+02
      -0.170649418000000E+03      -0.142630940000000E+02
      -0.170644696000000E+03      -0.142603590000000E+02
      -0.170638203183124E+03      -0.142551615103104E+02
      -0.170637072000000E+03      -0.142542560000000E+02
      -0.170633422000000E+03      -0.142530520000000E+02
      -0.170626767000000E+03      -0.142534830000000E+02
      -0.170624626000000E+03      -0.142548500000000E+02
      -0.170625000000000E+03      -0.142564390000000E+02
      -0.170625684000000E+03      -0.142571700000000E+02
      -0.170628395000000E+03      -0.142578700000000E+02
      -0.170629817000000E+03      -0.142592230000000E+02
      -0.170629475000000E+03      -0.142613790000000E+02
      -0.170626494000000E+03      -0.142629660000000E+02
      -0.170624621000000E+03      -0.142633880000000E+02
      -0.170620180830014E+03      -0.142622174691788E+02
      -0.170619189000000E+03      -0.142619560000000E+02
      -0.170618023000000E+03      -0.142602630000000E+02
      -0.170612001000000E+03      -0.142570910000000E+02
      -0.170611504449525E+03      -0.142576738867886E+02
      -0.170608809000000E+03      -0.142608380000000E+02
      -0.170607561000000E+03      -0.142607330000000E+02
      -0.170604931000000E+03      -0.142638690000000E+02
      -0.170603950000000E+03      -0.142636090000000E+02
      -0.170602976286131E+03      -0.142601009753488E+02
      -0.170602923000000E+03      -0.142599090000000E+02
      -0.170601334260982E+03      -0.142603061847545E+02
      -0.170597643000000E+03      -0.142612290000000E+02
      -0.170592832000000E+03      -0.142634630000000E+02
      -0.170591448761413E+03      -0.142647677030627E+02
      -0.170590648000000E+03      -0.142655230000000E+02
      -0.170590079000000E+03      -0.142669140000000E+02
      -0.170587533000000E+03      -0.142669110000000E+02
      -0.170585976000000E+03      -0.142666010000000E+02
      -0.170584324000000E+03      -0.142648750000000E+02
      -0.170585258000000E+03      -0.142629020000000E+02
      -0.170585691000000E+03      -0.142592530000000E+02
      -0.170583999000000E+03      -0.142569290000000E+02
      -0.170578139808426E+03      -0.142536332637947E+02
      -0.170577798000000E+03      -0.142534410000000E+02
      -0.170575878894738E+03      -0.142532300412826E+02
      -0.170573768000000E+03      -0.142529980000000E+02
      -0.170563648000000E+03      -0.142529520000000E+02
      -0.170564520000000E+03      -0.142566180000000E+02
      -0.170563990000000E+03      -0.142598950000000E+02
      -0.170563064000000E+03      -0.142616730000000E+02
      -0.170563064117183E+03      -0.142620176927610E+02
      -0.170563066000000E+03      -0.142675560000000E+02
      -0.170563089078394E+03      -0.142676697456522E+02
      -0.170564528978872E+03      -0.142747665314064E+02
      -0.170564587850925E+03      -0.142750566919794E+02
      -0.170564608000000E+03      -0.142751560000000E+02
      -0.170567672000000E+03      -0.142765190000000E+02
      -0.170569906000000E+03      -0.142766600000000E+02
      -0.170571875806230E+03      -0.142765517931555E+02
      -0.170573474000000E+03      -0.142764640000000E+02
      -0.170577411193386E+03      -0.142773829455921E+02
      -0.170583791000000E+03      -0.142788720000000E+02
      -0.170589107000000E+03      -0.142827880000000E+02
      -0.170593565951968E+03      -0.142851475539588E+02
      -0.170595593256869E+03      -0.142862203475971E+02
      -0.170596883065493E+03      -0.142869028786192E+02
      -0.170600899000000E+03      -0.142890280000000E+02
      -0.170601905000000E+03      -0.142888110000000E+02
      -0.170604698922574E+03      -0.142865491511270E+02
      -0.170605817000000E+03      -0.142856440000000E+02
      -0.170602682000000E+03      -0.142819910000000E+02
      -0.170602813000000E+03      -0.142805020000000E+02
      -0.170604268000000E+03      -0.142776070000000E+02
      -0.170605414015586E+03      -0.142764609844136E+02
      -0.170606682168971E+03      -0.142751928310292E+02
      -0.170607572000000E+03      -0.142743030000000E+02
      -0.170608343632253E+03      -0.142740219104764E+02
      -0.170610825000000E+03      -0.142731180000000E+02
      -0.170613271000000E+03      -0.142730200000000E+02
      -0.170619801362039E+03      -0.142765906641253E+02
      -0.170622538000000E+03      -0.142780870000000E+02
      -0.170624137458779E+03      -0.142795668478614E+02
      -0.170626095000000E+03      -0.142813780000000E+02
      -0.170626836000000E+03      -0.142840420000000E+02
      -0.170627083672134E+03      -0.142843063290270E+02
      -0.170627158123764E+03      -0.142843857878120E+02
      -0.170628085000000E+03      -0.142853750000000E+02
      -0.170630578000000E+03      -0.142862230000000E+02
      -0.170632634348275E+03      -0.142859626449319E+02
      -0.170632648867974E+03      -0.142859608065870E+02
      -0.170632656995475E+03      -0.142859597775610E+02
      -0.170632829000000E+03      -0.142859380000000E+02
      -0.170637751000000E+03      -0.142862800000000E+02
      -0.170638546954012E+03      -0.142873166675647E+02
      -0.170641633000000E+03      -0.142913360000000E+02
      -0.170641924881932E+03      -0.142913875268824E+02
      -0.170646755011729E+03      -0.142922402056652E+02
      -0.170650164410828E+03      -0.142928420781604E+02
      -0.170650748316569E+03      -0.142929451569716E+02
      -0.170658296420049E+03      -0.142942776486348E+02
      -0.170661329000000E+03      -0.142948130000000E+02
      -0.170661797720745E+03      -0.142929458167430E+02
      -0.170663764000000E+03      -0.142851130000000E+02
      -0.170663671000000E+03      -0.142803160000000E+02
      -0.170662773000000E+03      -0.142784120000000E+02
      -0.170663064305798E+03      -0.142776787030740E+02
      -0.170663786000000E+03      -0.142758620000000E+02
      -0.170665261387803E+03      -0.142750898344210E+02
      -0.170665712000000E+03      -0.142748540000000E+02
      -0.170669709187001E+03      -0.142740513336842E+02
      -0.170677101000000E+03      -0.142725670000000E+02
      -0.170681133000000E+03      -0.142735460000000E+02
      -0.170682829244351E+03      -0.142746537117292E+02
      -0.170683750000000E+03      -0.142752550000000E+02
      -0.170684558779711E+03      -0.142754939679281E+02
      -0.170687324000000E+03      -0.142763110000000E+02
      -0.170689376000000E+03      -0.142763010000000E+02
      -0.170689479373671E+03      -0.142762933920743E+02
      -0.170696948116925E+03      -0.142757437197711E+02
      -0.170697284000000E+03      -0.142757190000000E+02
      -0.170698076000000E+03      -0.142760080000000E+02
      -0.170698136724698E+03      -0.142773567794736E+02
      -0.170698199000000E+03      -0.142787400000000E+02
      -0.170694931269344E+03      -0.142795027483547E+02
      -0.170691927000000E+03      -0.142802040000000E+02
      -0.170688872072398E+03      -0.142814103047455E+02
      -0.170687934594227E+03      -0.142817804884336E+02
      -0.170686857000000E+03      -0.142822060000000E+02
      -0.170681463000000E+03      -0.142809780000000E+02
      -0.170679363000000E+03      -0.142811940000000E+02
      -0.170679261519765E+03      -0.142813674199908E+02
      -0.170679071000000E+03      -0.142816930000000E+02
      -0.170680620000000E+03      -0.142821320000000E+02
      -0.170681170000000E+03      -0.142836150000000E+02
      -0.170680213000000E+03      -0.142871120000000E+02
      -0.170674497000000E+03      -0.142891150000000E+02
      -0.170673878558465E+03      -0.142903459173952E+02
      -0.170673875000000E+03      -0.142903530000000E+02
      -0.170678049000000E+03      -0.142937460000000E+02
      -0.170679819000000E+03      -0.142938840000000E+02
      -0.170680851000000E+03      -0.142944790000000E+02
      -0.170681871000000E+03      -0.142960700000000E+02
      -0.170679871000000E+03      -0.142979030000000E+02
      -0.170676060000000E+03      -0.142991070000000E+02
      -0.170675789934727E+03      -0.142998299998576E+02
      -0.170675614000000E+03      -0.143003010000000E+02
      -0.170676914717945E+03      -0.143027536123257E+02
      -0.170677362000000E+03      -0.143035970000000E+02
      -0.170678661000000E+03      -0.143049050000000E+02
      -0.170681215000000E+03      -0.143035670000000E+02
      -0.170682340000000E+03      -0.143038850000000E+02
      -0.170684643629523E+03      -0.143051000873341E+02
      -0.170687783000000E+03      -0.143067560000000E+02
      -0.170690353813425E+03      -0.143092911848007E+02
      -0.170691873770970E+03      -0.143107900774201E+02
      -0.170692532356781E+03      -0.143114395359617E+02
      -0.170693339000000E+03      -0.143122350000000E+02
      -0.170696429708181E+03      -0.143156029654995E+02
      -0.170696437004774E+03      -0.143156109166461E+02
      -0.170696817000000E+03      -0.143160250000000E+02
      -0.170701597000000E+03      -0.143270960000000E+02
      -0.170700711000000E+03      -0.143184900000000E+02
      -0.170701080653632E+03      -0.143182677728231E+02
      -0.170704620000000E+03      -0.143161400000000E+02
      -0.170708790821069E+03      -0.143189601462198E+02
      -0.170713643000000E+03      -0.143222410000000E+02
      -0.170713871500134E+03      -0.143230478418507E+02
      -0.170713871500134E+03      -0.143230478418507E+02
      -0.170717716000000E+03      -0.143184200000000E+02
      -0.170725906000000E+03      -0.143086810000000E+02
      -0.170725906000000E+03      -0.143086810000000E+02
      -0.170727328000000E+03      -0.143070130000000E+02
      -0.170727328000000E+03      -0.143070130000000E+02
      -0.170731288000000E+03      -0.143023670000000E+02
      -0.170731629000000E+03      -0.143020230000000E+02
      -0.170731629000000E+03      -0.143020230000000E+02
      -0.170739139000000E+03      -0.142964850000000E+02
END
         8      -0.170621952028468E+03      -0.142553007285481E+02
      -0.170620181478381E+03      -0.142547736147553E+02
      -0.170620088000000E+03      -0.142551200000000E+02
      -0.170622366000000E+03      -0.142560700000000E+02
      -0.170623209000000E+03      -0.142560390000000E+02
      -0.170623391000000E+03      -0.142553170000000E+02
      -0.170622846000000E+03      -0.142542500000000E+02
      -0.170621918691515E+03      -0.142536022381146E+02
      -0.170620723000000E+03      -0.142527670000000E+02
      -0.170620181478381E+03      -0.142547736147553E+02
END
         9      -0.170553287434958E+03      -0.142882329567901E+02
      -0.170545873000000E+03      -0.142886990000000E+02
      -0.170546112000000E+03      -0.142911920000000E+02
      -0.170547968000000E+03      -0.142933060000000E+02
      -0.170550724000000E+03      -0.142944350000000E+02
      -0.170557357000000E+03      -0.142939660000000E+02
      -0.170561357000000E+03      -0.142912210000000E+02
      -0.170560081000000E+03      -0.142859680000000E+02
      -0.170557480000000E+03      -0.142842410000000E+02
      -0.170553969000000E+03      -0.142833940000000E+02
      -0.170552607000000E+03      -0.142834900000000E+02
      -0.170547204000000E+03      -0.142858770000000E+02
      -0.170546035000000E+03      -0.142876310000000E+02
      -0.170545873000000E+03      -0.142886990000000E+02
END
        10      -0.170768703607035E+03      -0.143333210925926E+02
      -0.170704054319536E+03      -0.143346951052964E+02
      -0.170711064000000E+03      -0.143386730000000E+02
      -0.170720290437527E+03      -0.143448648252477E+02
      -0.170720471000000E+03      -0.143449860000000E+02
      -0.170720551000000E+03      -0.143471830000000E+02
      -0.170720019000000E+03      -0.143492770000000E+02
      -0.170720591000000E+03      -0.143504650000000E+02
      -0.170722774000000E+03      -0.143526490000000E+02
      -0.170723173353859E+03      -0.143527113282806E+02
      -0.170723399265338E+03      -0.143527465869209E+02
      -0.170726125000000E+03      -0.143531720000000E+02
      -0.170733173306570E+03      -0.143605774284343E+02
      -0.170735934000000E+03      -0.143634780000000E+02
      -0.170737933000000E+03      -0.143665420000000E+02
      -0.170739035000000E+03      -0.143697530000000E+02
      -0.170740324342773E+03      -0.143703321115847E+02
      -0.170740569000000E+03      -0.143704420000000E+02
      -0.170742846000000E+03      -0.143696360000000E+02
      -0.170745680000000E+03      -0.143667300000000E+02
      -0.170746524000000E+03      -0.143647560000000E+02
      -0.170748248363119E+03      -0.143638700401950E+02
      -0.170748482000000E+03      -0.143637500000000E+02
      -0.170750023729189E+03      -0.143639631878275E+02
      -0.170750654537263E+03      -0.143640504149512E+02
      -0.170751758000000E+03      -0.143642030000000E+02
      -0.170752058995913E+03      -0.143647159397816E+02
      -0.170753108472039E+03      -0.143665043961379E+02
      -0.170753440213739E+03      -0.143670697311056E+02
      -0.170753448000000E+03      -0.143670830000000E+02
      -0.170753417000000E+03      -0.143677840000000E+02
      -0.170752387000000E+03      -0.143689860000000E+02
      -0.170753009000000E+03      -0.143719430000000E+02
      -0.170753975000000E+03      -0.143735910000000E+02
      -0.170754600711038E+03      -0.143741977721706E+02
      -0.170756552000000E+03      -0.143760900000000E+02
      -0.170757378000000E+03      -0.143781320000000E+02
      -0.170758449532956E+03      -0.143783479976763E+02
      -0.170758772000000E+03      -0.143784130000000E+02
      -0.170759489000000E+03      -0.143775340000000E+02
      -0.170760115000000E+03      -0.143751910000000E+02
      -0.170761332527629E+03      -0.143738908169395E+02
      -0.170761971000000E+03      -0.143732090000000E+02
      -0.170761739000000E+03      -0.143718880000000E+02
      -0.170759829783175E+03      -0.143717553742589E+02
      -0.170759810000000E+03      -0.143717540000000E+02
      -0.170759796473950E+03      -0.143717222315805E+02
      -0.170759319283810E+03      -0.143706014626338E+02
      -0.170759202000000E+03      -0.143703260000000E+02
      -0.170759201492878E+03      -0.143703067800931E+02
      -0.170759152000000E+03      -0.143684310000000E+02
      -0.170759902000000E+03      -0.143674190000000E+02
      -0.170764328000000E+03      -0.143667840000000E+02
      -0.170766575000000E+03      -0.143671630000000E+02
      -0.170767877000000E+03      -0.143683310000000E+02
      -0.170768875000000E+03      -0.143701010000000E+02
      -0.170769963086492E+03      -0.143688043405247E+02
      -0.170770054000000E+03      -0.143686960000000E+02
      -0.170770264443320E+03      -0.143686383286002E+02
      -0.170772258000000E+03      -0.143680920000000E+02
      -0.170772407764633E+03      -0.143674576123748E+02
      -0.170772453000000E+03      -0.143672660000000E+02
      -0.170772958214735E+03      -0.143671543795543E+02
      -0.170776083000000E+03      -0.143664640000000E+02
      -0.170776869000000E+03      -0.143650000000000E+02
      -0.170784993000000E+03      -0.143623270000000E+02
      -0.170785830000000E+03      -0.143613310000000E+02
      -0.170785920000000E+03      -0.143604740000000E+02
      -0.170785775626999E+03      -0.143600758899016E+02
      -0.170785556439266E+03      -0.143594714773750E+02
      -0.170785454000000E+03      -0.143591890000000E+02
      -0.170785750000000E+03      -0.143550610000000E+02
      -0.170787176000000E+03      -0.143538220000000E+02
      -0.170787751000000E+03      -0.143517730000000E+02
      -0.170788771000000E+03      -0.143507410000000E+02
      -0.170787896000000E+03      -0.143489860000000E+02
      -0.170787523000000E+03      -0.143465620000000E+02
      -0.170786173000000E+03      -0.143450720000000E+02
      -0.170788084000000E+03      -0.143420750000000E+02
      -0.170787418754746E+03      -0.143422307889808E+02
      -0.170785808000000E+03      -0.143426080000000E+02
      -0.170784908000000E+03      -0.143414180000000E+02
      -0.170786240000000E+03      -0.143418110000000E+02
      -0.170787413556707E+03      -0.143417218494508E+02
      -0.170790018000000E+03      -0.143415240000000E+02
      -0.170790370242777E+03      -0.143412318600377E+02
      -0.170794869569772E+03      -0.143375002484827E+02
      -0.170795797136130E+03      -0.143367309517985E+02
      -0.170796664000000E+03      -0.143360120000000E+02
      -0.170798588400633E+03      -0.143364106821035E+02
      -0.170800333824131E+03      -0.143367722851396E+02
      -0.170801795000000E+03      -0.143370750000000E+02
      -0.170805553000000E+03      -0.143373180000000E+02
      -0.170806835000000E+03      -0.143368910000000E+02
      -0.170806937032443E+03      -0.143367974074637E+02
      -0.170808189000000E+03      -0.143356490000000E+02
      -0.170809157000000E+03      -0.143316800000000E+02
      -0.170810675000000E+03      -0.143303310000000E+02
      -0.170810743464489E+03      -0.143303334379046E+02
      -0.170810745988201E+03      -0.143303335277698E+02
      -0.170810764364343E+03      -0.143303341821131E+02
      -0.170811686000000E+03      -0.143303670000000E+02
      -0.170814163000000E+03      -0.143315680000000E+02
      -0.170815616499541E+03      -0.143325721965440E+02
      -0.170819713197518E+03      -0.143354025310805E+02
      -0.170820853000000E+03      -0.143361900000000E+02
      -0.170824054158318E+03      -0.143352193041169E+02
      -0.170825272930293E+03      -0.143348497325990E+02
      -0.170827310496863E+03      -0.143342318757842E+02
      -0.170828339000000E+03      -0.143339200000000E+02
      -0.170830325311224E+03      -0.143326038262374E+02
      -0.170833713063592E+03      -0.143303590265671E+02
      -0.170834316920290E+03      -0.143299588977590E+02
      -0.170834685000000E+03      -0.143297150000000E+02
      -0.170835498998354E+03      -0.143297304288896E+02
      -0.170837956000000E+03      -0.143297770000000E+02
      -0.170840540000000E+03      -0.143298590000000E+02
      -0.170844815000000E+03      -0.143282660000000E+02
      -0.170844873739435E+03      -0.143282321326409E+02
      -0.170845048610505E+03      -0.143281313073380E+02
      -0.170847316000000E+03      -0.143268240000000E+02
      -0.170847429820501E+03      -0.143263370145702E+02
      -0.170847535000000E+03      -0.143258870000000E+02
      -0.170839869000000E+03      -0.143243230000000E+02
      -0.170838376259062E+03      -0.143233675414729E+02
      -0.170838152000000E+03      -0.143232240000000E+02
      -0.170837902688883E+03      -0.143226882699614E+02
      -0.170837030000000E+03      -0.143208130000000E+02
      -0.170836152000000E+03      -0.143158840000000E+02
      -0.170835036958341E+03      -0.143151847629823E+02
      -0.170835015584413E+03      -0.143151713594993E+02
      -0.170831856000000E+03      -0.143131900000000E+02
      -0.170830967000000E+03      -0.143132090000000E+02
      -0.170829209000000E+03      -0.143122640000000E+02
      -0.170825022898001E+03      -0.143072549613145E+02
      -0.170824051000000E+03      -0.143060920000000E+02
      -0.170821143000000E+03      -0.143071520000000E+02
      -0.170817468000000E+03      -0.143076820000000E+02
      -0.170813959486296E+03      -0.143037552044312E+02
      -0.170813953945867E+03      -0.143037490034769E+02
      -0.170812192000000E+03      -0.143017770000000E+02
      -0.170813045000000E+03      -0.143007420000000E+02
      -0.170812800521027E+03      -0.143002578201452E+02
      -0.170812738000000E+03      -0.143001340000000E+02
      -0.170809649000000E+03      -0.142983270000000E+02
      -0.170804966000000E+03      -0.142974600000000E+02
      -0.170804332744509E+03      -0.142970734109169E+02
      -0.170800309000000E+03      -0.142946170000000E+02
      -0.170798909000000E+03      -0.142947560000000E+02
      -0.170797974849469E+03      -0.142962010000000E+02
      -0.170797874000000E+03      -0.142963570000000E+02
      -0.170795722000000E+03      -0.142978020000000E+02
      -0.170793764000000E+03      -0.142979150000000E+02
      -0.170793675656532E+03      -0.142978831065500E+02
      -0.170793636330405E+03      -0.142978689091692E+02
      -0.170793610007304E+03      -0.142978594060951E+02
      -0.170786130000000E+03      -0.142951590000000E+02
      -0.170778680000000E+03      -0.142989850000000E+02
      -0.170773417000000E+03      -0.142978590000000E+02
      -0.170764967578082E+03      -0.142948449133505E+02
      -0.170763426000000E+03      -0.142942950000000E+02
      -0.170758453000000E+03      -0.142971430000000E+02
      -0.170756334000000E+03      -0.142963160000000E+02
      -0.170740933800012E+03      -0.142964673599185E+02
      -0.170739139000000E+03      -0.142964850000000E+02
      -0.170739139000000E+03      -0.142964850000000E+02
      -0.170731629000000E+03      -0.143020230000000E+02
      -0.170731629000000E+03      -0.143020230000000E+02
      -0.170731288000000E+03      -0.143023670000000E+02
      -0.170727328000000E+03      -0.143070130000000E+02
      -0.170727328000000E+03      -0.143070130000000E+02
      -0.170725906000000E+03      -0.143086810000000E+02
      -0.170725906000000E+03      -0.143086810000000E+02
      -0.170717716000000E+03      -0.143184200000000E+02
      -0.170713871500134E+03      -0.143230478418507E+02
      -0.170713871500134E+03      -0.143230478418507E+02
      -0.170714223000000E+03      -0.143242890000000E+02
      -0.170714085538879E+03      -0.143245416982859E+02
      -0.170711641652494E+03      -0.143290343569818E+02
      -0.170711452000000E+03      -0.143293830000000E+02
      -0.170710199000000E+03      -0.143302610000000E+02
      -0.170707821838628E+03      -0.143302747982434E+02
      -0.170707821838628E+03      -0.143302747982434E+02
      -0.170704054319536E+03      -0.143346951052964E+02
END
        11      -0.170848700171565E+03      -0.143277005925926E+02
      -0.170847724000000E+03      -0.143287690000000E+02
      -0.170849967000000E+03      -0.143275640000000E+02
      -0.170849050000000E+03      -0.143268670000000E+02
      -0.170847920000000E+03      -0.143270340000000E+02
      -0.170847381000000E+03      -0.143285800000000E+02
      -0.170847724000000E+03      -0.143287690000000E+02
END
        12      -0.170702912280636E+03      -0.143321846819509E+02
      -0.170707821838628E+03      -0.143302747982434E+02
      -0.170701585000000E+03      -0.143303110000000E+02
      -0.170699081000000E+03      -0.143302260000000E+02
      -0.170698491000000E+03      -0.143315380000000E+02
      -0.170704054319536E+03      -0.143346951052964E+02
      -0.170704054319536E+03      -0.143346951052964E+02
      -0.170707821838628E+03      -0.143302747982434E+02
END
        13      -0.168131871006082E+03      -0.145972543209877E+02
      -0.168131155000000E+03      -0.145983980000000E+02
      -0.168132625000000E+03      -0.145971870000000E+02
      -0.168132125000000E+03      -0.145963620000000E+02
      -0.168131285000000E+03      -0.145970480000000E+02
      -0.168130856000000E+03      -0.145980740000000E+02
      -0.168131155000000E+03      -0.145983980000000E+02
END
        14      -0.168130115231532E+03      -0.146030429753086E+02
      -0.168133569000000E+03      -0.146052550000000E+02
      -0.168134595000000E+03      -0.146045450000000E+02
      -0.168136721000000E+03      -0.146016540000000E+02
      -0.168137716000000E+03      -0.145994640000000E+02
      -0.168137450000000E+03      -0.145988580000000E+02
      -0.168134537000000E+03      -0.145981590000000E+02
      -0.168134399000000E+03      -0.145989590000000E+02
      -0.168136409000000E+03      -0.145993500000000E+02
      -0.168136723000000E+03      -0.145998830000000E+02
      -0.168136285000000E+03      -0.146013380000000E+02
      -0.168134297000000E+03      -0.146037440000000E+02
      -0.168133804000000E+03      -0.146040020000000E+02
      -0.168132763000000E+03      -0.146039040000000E+02
      -0.168130173000000E+03      -0.146026400000000E+02
      -0.168129359000000E+03      -0.146019930000000E+02
      -0.168129286000000E+03      -0.146016370000000E+02
      -0.168130984000000E+03      -0.145990690000000E+02
      -0.168130468000000E+03      -0.145990440000000E+02
      -0.168128544000000E+03      -0.146011830000000E+02
      -0.168128261000000E+03      -0.146017890000000E+02
      -0.168128422000000E+03      -0.146026300000000E+02
      -0.168133569000000E+03      -0.146052550000000E+02
END
END
