         1      -0.649062153837186E+02       0.184100322345679E+02
      -0.649049000000000E+02       0.184062900000000E+02
      -0.649089330000000E+02       0.184081110000000E+02
      -0.649103430000000E+02       0.184115520000000E+02
      -0.649089620000000E+02       0.184129520000000E+02
      -0.649053290000000E+02       0.184126070000000E+02
      -0.649027050000000E+02       0.184101660000000E+02
      -0.649027930000000E+02       0.184080310000000E+02
      -0.649040980000000E+02       0.184064940000000E+02
      -0.649049000000000E+02       0.184062900000000E+02
END
         2      -0.649080765368766E+02       0.183981158333333E+02
      -0.649070530000000E+02       0.183876660000000E+02
      -0.649076690000000E+02       0.183878200000000E+02
      -0.649108410000000E+02       0.183915700000000E+02
      -0.649128390000000E+02       0.183948580000000E+02
      -0.649173710000000E+02       0.184043810000000E+02
      -0.649174570000000E+02       0.184052670000000E+02
      -0.649165550000000E+02       0.184058850000000E+02
      -0.649145030000000E+02       0.184062690000000E+02
      -0.649118520000000E+02       0.184058740000000E+02
      -0.649056320000000E+02       0.184033460000000E+02
      -0.649031540000000E+02       0.184004080000000E+02
      -0.648992690000000E+02       0.183940030000000E+02
      -0.648993680000000E+02       0.183927680000000E+02
      -0.649048430000000E+02       0.183895780000000E+02
      -0.649070530000000E+02       0.183876660000000E+02
END
         3      -0.649714396327855E+02       0.183949755092593E+02
      -0.649740950000000E+02       0.183937620000000E+02
      -0.649748330000000E+02       0.183951820000000E+02
      -0.649749690000000E+02       0.184016620000000E+02
      -0.649739390000000E+02       0.184017130000000E+02
      -0.649727630000000E+02       0.184008630000000E+02
      -0.649672450000000E+02       0.183938150000000E+02
      -0.649678590000000E+02       0.183928070000000E+02
      -0.649707860000000E+02       0.183919240000000E+02
      -0.649725630000000E+02       0.183925460000000E+02
      -0.649740950000000E+02       0.183937620000000E+02
END
         4      -0.649703267466632E+02       0.183826578888889E+02
      -0.649673480000000E+02       0.183850030000000E+02
      -0.649673170000000E+02       0.183829570000000E+02
      -0.649654710000000E+02       0.183781770000000E+02
      -0.649655860000000E+02       0.183770640000000E+02
      -0.649665480000000E+02       0.183767530000000E+02
      -0.649732510000000E+02       0.183823690000000E+02
      -0.649759820000000E+02       0.183862940000000E+02
      -0.649739240000000E+02       0.183872650000000E+02
      -0.649729180000000E+02       0.183870230000000E+02
      -0.649706590000000E+02       0.183851830000000E+02
      -0.649673480000000E+02       0.183850030000000E+02
END
         5      -0.649301092308671E+02       0.183430605185185E+02
      -0.649630416272038E+02       0.183251244422844E+02
      -0.649638961255060E+02       0.183252050255192E+02
      -0.649648290000000E+02       0.183252930000000E+02
      -0.649652853478942E+02       0.183267326358661E+02
      -0.649656500000000E+02       0.183278830000000E+02
      -0.649640970000000E+02       0.183310320000000E+02
      -0.649635750000000E+02       0.183343470000000E+02
      -0.649643920000000E+02       0.183357510000000E+02
      -0.649667200000000E+02       0.183365220000000E+02
      -0.649684110000000E+02       0.183363200000000E+02
      -0.649697830000000E+02       0.183353280000000E+02
      -0.649696490000000E+02       0.183344580000000E+02
      -0.649727870000000E+02       0.183316660000000E+02
      -0.649731144897533E+02       0.183324909596084E+02
      -0.649757020000000E+02       0.183390090000000E+02
      -0.649758809765867E+02       0.183397403436806E+02
      -0.649766166277367E+02       0.183427464006709E+02
      -0.649768150000000E+02       0.183435570000000E+02
      -0.649771609560871E+02       0.183439069703455E+02
      -0.649772243209308E+02       0.183439710704353E+02
      -0.649777630000000E+02       0.183445160000000E+02
      -0.649788744485558E+02       0.183451402191562E+02
      -0.649799333997470E+02       0.183457349543920E+02
      -0.649872689554001E+02       0.183498547981181E+02
      -0.649873010678753E+02       0.183498728333408E+02
      -0.649881400000000E+02       0.183503440000000E+02
      -0.649896762644080E+02       0.183507159468519E+02
      -0.649942031510320E+02       0.183518119569005E+02
      -0.649952070000000E+02       0.183520550000000E+02
      -0.649953269730292E+02       0.183519376259881E+02
      -0.649992230000000E+02       0.183481260000000E+02
      -0.649995204542252E+02       0.183479194184468E+02
      -0.649995920000000E+02       0.183478697300039E+02
      -0.650017860000000E+02       0.183463460000000E+02
      -0.650067054223536E+02       0.183450655024046E+02
      -0.650098730000000E+02       0.183442410000000E+02
      -0.650137300000000E+02       0.183448650000000E+02
      -0.650153240000000E+02       0.183457790000000E+02
      -0.650156516036602E+02       0.183456278249213E+02
      -0.650156613345375E+02       0.183456233345376E+02
      -0.650219530000000E+02       0.183427200000000E+02
      -0.650223400000000E+02       0.183416380000000E+02
      -0.650270310000000E+02       0.183413600000000E+02
      -0.650291259007377E+02       0.183429840428189E+02
      -0.650298714357822E+02       0.183435620085494E+02
      -0.650319588829571E+02       0.183451802730968E+02
      -0.650333698123176E+02       0.183462740765666E+02
      -0.650418510000000E+02       0.183528490000000E+02
      -0.650417150000000E+02       0.183544170000000E+02
      -0.650410080000000E+02       0.183551660000000E+02
      -0.650403590000000E+02       0.183547590000000E+02
      -0.650405310000000E+02       0.183542180000000E+02
      -0.650397840000000E+02       0.183531390000000E+02
      -0.650350780000000E+02       0.183531160000000E+02
      -0.650319600000000E+02       0.183578590000000E+02
      -0.650330590000000E+02       0.183595780000000E+02
      -0.650307410000000E+02       0.183606350000000E+02
      -0.650220633869209E+02       0.183614525508095E+02
      -0.650200950000000E+02       0.183616380000000E+02
      -0.650199792239673E+02       0.183612767624139E+02
      -0.650198120000000E+02       0.183607550000000E+02
      -0.650189770000000E+02       0.183603870000000E+02
      -0.650140275763204E+02       0.183613850859350E+02
      -0.650069070000000E+02       0.183628210000000E+02
      -0.650063370000000E+02       0.183633280000000E+02
      -0.650063058293669E+02       0.183635093673514E+02
      -0.650058190000000E+02       0.183663420000000E+02
      -0.650045780000000E+02       0.183671940000000E+02
      -0.650004175442622E+02       0.183661220187450E+02
      -0.649998780000000E+02       0.183659830000000E+02
      -0.649996545351583E+02       0.183655436906011E+02
      -0.649987050000000E+02       0.183636770000000E+02
      -0.649967000000000E+02       0.183621730000000E+02
      -0.649945520000000E+02       0.183618770000000E+02
      -0.649937600000000E+02       0.183624460000000E+02
      -0.649925730000000E+02       0.183656990000000E+02
      -0.649921360000000E+02       0.183690310000000E+02
      -0.649906210000000E+02       0.183723820000000E+02
      -0.649862990000000E+02       0.183718780000000E+02
      -0.649850190000000E+02       0.183712000000000E+02
      -0.649832240000000E+02       0.183712430000000E+02
      -0.649823820000000E+02       0.183730110000000E+02
      -0.649762059167378E+02       0.183717197289140E+02
      -0.649695350000000E+02       0.183703250000000E+02
      -0.649665780000000E+02       0.183693000000000E+02
      -0.649628168113090E+02       0.183709610421560E+02
      -0.649625950000000E+02       0.183710590000000E+02
      -0.649625059243491E+02       0.183710249519716E+02
      -0.649617027981145E+02       0.183707179672388E+02
      -0.649608160000000E+02       0.183703790000000E+02
      -0.649541580000000E+02       0.183692970000000E+02
      -0.649532064590616E+02       0.183694582090764E+02
      -0.649525230000000E+02       0.183695740000000E+02
      -0.649513950000000E+02       0.183707590000000E+02
      -0.649515210000000E+02       0.183748390000000E+02
      -0.649528840000000E+02       0.183763800000000E+02
      -0.649531310000000E+02       0.183773790000000E+02
      -0.649526250000000E+02       0.183774610000000E+02
      -0.649501890000000E+02       0.183761170000000E+02
      -0.649403760000000E+02       0.183646900000000E+02
      -0.649327180000000E+02       0.183607170000000E+02
      -0.649308936051319E+02       0.183602063506913E+02
      -0.649274840000000E+02       0.183592520000000E+02
      -0.649254050000000E+02       0.183609730000000E+02
      -0.649230700000000E+02       0.183647130000000E+02
      -0.649230140643340E+02       0.183648950503125E+02
      -0.649224770000000E+02       0.183666430000000E+02
      -0.649248980000000E+02       0.183696710000000E+02
      -0.649352210000000E+02       0.183773680000000E+02
      -0.649407850000000E+02       0.183831250000000E+02
      -0.649405406413903E+02       0.183834649771961E+02
      -0.649404400000000E+02       0.183836050000000E+02
      -0.649254800000000E+02       0.183756380000000E+02
      -0.649230803902999E+02       0.183736380044293E+02
      -0.649223268812151E+02       0.183730099794501E+02
      -0.649192470000000E+02       0.183704430000000E+02
      -0.649168240663554E+02       0.183691139099339E+02
      -0.649123360000000E+02       0.183666520000000E+02
      -0.649033890000000E+02       0.183654530000000E+02
      -0.648982090000000E+02       0.183625830000000E+02
      -0.648969160000000E+02       0.183608380000000E+02
      -0.648935870000000E+02       0.183588130000000E+02
      -0.648922400000000E+02       0.183591830000000E+02
      -0.648920140000000E+02       0.183598210000000E+02
      -0.648943740000000E+02       0.183614350000000E+02
      -0.648940614139626E+02       0.183622907683320E+02
      -0.648939470000000E+02       0.183626040000000E+02
      -0.648924400000000E+02       0.183630770000000E+02
      -0.648904390000000E+02       0.183621490000000E+02
      -0.648893110000000E+02       0.183580480000000E+02
      -0.648900910000000E+02       0.183555540000000E+02
      -0.648898120000000E+02       0.183551120000000E+02
      -0.648892868972772E+02       0.183547128529139E+02
      -0.648892678822834E+02       0.183546983990194E+02
      -0.648888990000000E+02       0.183544180000000E+02
      -0.648866350000000E+02       0.183549860000000E+02
      -0.648864790000000E+02       0.183559650000000E+02
      -0.648838790000000E+02       0.183559120000000E+02
      -0.648799270000000E+02       0.183547940000000E+02
      -0.648796309627249E+02       0.183546851220471E+02
      -0.648649590000000E+02       0.183492890000000E+02
      -0.648649783691019E+02       0.183489697685054E+02
      -0.648651750000000E+02       0.183457290000000E+02
      -0.648610040000000E+02       0.183431920000000E+02
      -0.648597274436377E+02       0.183417847174563E+02
      -0.648568050000000E+02       0.183385630000000E+02
      -0.648514870000000E+02       0.183363140000000E+02
      -0.648488806594790E+02       0.183342487130788E+02
      -0.648459280000000E+02       0.183319090000000E+02
      -0.648449740000000E+02       0.183305830000000E+02
      -0.648451540000000E+02       0.183294640000000E+02
      -0.648473769483246E+02       0.183278329910578E+02
      -0.648486540000000E+02       0.183268960000000E+02
      -0.648517650000000E+02       0.183256190000000E+02
      -0.648542640000000E+02       0.183239160000000E+02
      -0.648538700000000E+02       0.183229040000000E+02
      -0.648442343222989E+02       0.183239740362805E+02
      -0.648439846450930E+02       0.183241360239625E+02
      -0.648413490000000E+02       0.183258460000000E+02
      -0.648386792898747E+02       0.183267169008392E+02
      -0.648383050000000E+02       0.183268390000000E+02
      -0.648346390000000E+02       0.183268940000000E+02
      -0.648336150000000E+02       0.183265740000000E+02
      -0.648320940000000E+02       0.183249090000000E+02
      -0.648325270000000E+02       0.183237000000000E+02
      -0.648359150000000E+02       0.183238970000000E+02
      -0.648386990000000E+02       0.183246890000000E+02
      -0.648417086081295E+02       0.183231931335900E+02
      -0.648424831702848E+02       0.183222673275168E+02
      -0.648429700000000E+02       0.183211470000000E+02
      -0.648409046606478E+02       0.183198550989649E+02
      -0.648390170000000E+02       0.183195810000000E+02
      -0.648356780000000E+02       0.183161240000000E+02
      -0.648376330000000E+02       0.183151920000000E+02
      -0.648393400000000E+02       0.183153960000000E+02
      -0.648398200000000E+02       0.183166350000000E+02
      -0.648411165320483E+02       0.183174960502034E+02
      -0.648440500000000E+02       0.183178100000000E+02
      -0.648456310000000E+02       0.183165310000000E+02
      -0.648455810000000E+02       0.183150880000000E+02
      -0.648474460000000E+02       0.183147890000000E+02
      -0.648513630000000E+02       0.183157950000000E+02
      -0.648518380458799E+02       0.183168515206813E+02
      -0.648523367439709E+02       0.183179606448086E+02
      -0.648524660317541E+02       0.183182481859127E+02
      -0.648525860000000E+02       0.183185150000000E+02
      -0.648554050000000E+02       0.183195740000000E+02
      -0.648578210000000E+02       0.183195240000000E+02
      -0.648611802722735E+02       0.183185390366359E+02
      -0.648639600000000E+02       0.183177240000000E+02
      -0.648653188630991E+02       0.183193529450650E+02
      -0.648671750000000E+02       0.183215780000000E+02
      -0.648692140000000E+02       0.183191130000000E+02
      -0.648702340000000E+02       0.183187520000000E+02
      -0.648710238019205E+02       0.183188819514342E+02
      -0.648721120000000E+02       0.183190610000000E+02
      -0.648722840000000E+02       0.183182410000000E+02
      -0.648748010000000E+02       0.183168840000000E+02
      -0.648785260000000E+02       0.183165770000000E+02
      -0.648803530000000E+02       0.183173760000000E+02
      -0.648806052683255E+02       0.183173033565722E+02
      -0.648806081327035E+02       0.183173025317432E+02
      -0.648820321252142E+02       0.183168924775007E+02
      -0.648821970000000E+02       0.183168450000000E+02
      -0.648822392014891E+02       0.183164165909441E+02
      -0.648822877233010E+02       0.183159240210356E+02
      -0.648822960000000E+02       0.183158400000000E+02
      -0.648812270000000E+02       0.183134490000000E+02
      -0.648780430000000E+02       0.183131280000000E+02
      -0.648771330000000E+02       0.183135510000000E+02
      -0.648767780000000E+02       0.183111490000000E+02
      -0.648770220507270E+02       0.183106144863634E+02
      -0.648774090000000E+02       0.183097670000000E+02
      -0.648745860000000E+02       0.183099500000000E+02
      -0.648748430000000E+02       0.183088820000000E+02
      -0.648764120000000E+02       0.183079110000000E+02
      -0.648745860000000E+02       0.183053150425532E+02
      -0.648738790388170E+02       0.183043099816837E+02
      -0.648738270000000E+02       0.183042360000000E+02
      -0.648741643147204E+02       0.183041360701704E+02
      -0.648745860000000E+02       0.183040111454768E+02
      -0.648781673617326E+02       0.183029501634150E+02
      -0.648782759316819E+02       0.183029179994569E+02
      -0.648787350000000E+02       0.183027820000000E+02
      -0.648785890000000E+02       0.183049450000000E+02
      -0.648801130000000E+02       0.183075360000000E+02
      -0.648814050000000E+02       0.183081620000000E+02
      -0.648814532978566E+02       0.183081596401699E+02
      -0.648829400000000E+02       0.183080870000000E+02
      -0.648863570000000E+02       0.183090430000000E+02
      -0.648890020000000E+02       0.183113260000000E+02
      -0.648890309019840E+02       0.183116778648517E+02
      -0.648890880000000E+02       0.183123730000000E+02
      -0.648907300000000E+02       0.183137910000000E+02
      -0.648945430000000E+02       0.183115420000000E+02
      -0.648949670000000E+02       0.183130560000000E+02
      -0.648962580000000E+02       0.183131070000000E+02
      -0.648976690000000E+02       0.183116920000000E+02
      -0.648971110000000E+02       0.183101840000000E+02
      -0.648985750000000E+02       0.183098150000000E+02
      -0.648995510849478E+02       0.183106634385659E+02
      -0.649002420000000E+02       0.183112640000000E+02
      -0.649025180000000E+02       0.183120830000000E+02
      -0.649030820000000E+02       0.183128280000000E+02
      -0.649043450000000E+02       0.183125410000000E+02
      -0.649047910000000E+02       0.183116930000000E+02
      -0.649060460000000E+02       0.183114060000000E+02
      -0.649066980000000E+02       0.183117140000000E+02
      -0.649070820000000E+02       0.183143150000000E+02
      -0.649079780000000E+02       0.183153390000000E+02
      -0.649090160000000E+02       0.183149360000000E+02
      -0.649106440000000E+02       0.183151810000000E+02
      -0.649110474332942E+02       0.183155736377551E+02
      -0.649136710000000E+02       0.183181270000000E+02
      -0.649159280000000E+02       0.183185080000000E+02
      -0.649165733579652E+02       0.183189480273884E+02
      -0.649179700026018E+02       0.183199003080217E+02
      -0.649186970000000E+02       0.183203960000000E+02
      -0.649233210000000E+02       0.183201930000000E+02
      -0.649233210000000E+02       0.183201930000000E+02
      -0.649233400000000E+02       0.183214920000000E+02
      -0.649217530000000E+02       0.183230010000000E+02
      -0.649217530000000E+02       0.183230010000000E+02
      -0.649218580000000E+02       0.183257220000000E+02
      -0.649240620000000E+02       0.183271080000000E+02
      -0.649240620000000E+02       0.183271080000000E+02
      -0.649243710000000E+02       0.183280370000000E+02
      -0.649242507110529E+02       0.183281946269592E+02
      -0.649242507110529E+02       0.183281946269592E+02
      -0.649237750000000E+02       0.183288180000000E+02
      -0.649246534153044E+02       0.183305134593208E+02
      -0.649251920000000E+02       0.183315530000000E+02
      -0.649200703122020E+02       0.183350174705744E+02
      -0.649200291711119E+02       0.183350452997006E+02
      -0.649199350000000E+02       0.183351090000000E+02
      -0.649200290670322E+02       0.183352893698015E+02
      -0.649211950000000E+02       0.183375250000000E+02
      -0.649228762130674E+02       0.183385250975570E+02
      -0.649228769803331E+02       0.183385255539777E+02
      -0.649228776255183E+02       0.183385259377769E+02
      -0.649231820000000E+02       0.183387070000000E+02
      -0.649255410000000E+02       0.183382610000000E+02
      -0.649266060000000E+02       0.183400420000000E+02
      -0.649280950000000E+02       0.183406660000000E+02
      -0.649284797525055E+02       0.183405423497534E+02
      -0.649286180755083E+02       0.183404978960510E+02
      -0.649306902735032E+02       0.183398319412117E+02
      -0.649314960000000E+02       0.183395730000000E+02
      -0.649317490000000E+02       0.183405110000000E+02
      -0.649311770000000E+02       0.183408200000000E+02
      -0.649391660000000E+02       0.183388340000000E+02
      -0.649406830000000E+02       0.183375840000000E+02
      -0.649404050000000E+02       0.183353240000000E+02
      -0.649408490000000E+02       0.183345980000000E+02
      -0.649417930000000E+02       0.183343080000000E+02
      -0.649448045348584E+02       0.183345957262604E+02
      -0.649448045348584E+02       0.183345957262604E+02
      -0.649449330000000E+02       0.183346080000000E+02
      -0.649451308444917E+02       0.183347840698908E+02
      -0.649451308444917E+02       0.183347840698908E+02
      -0.649466230000000E+02       0.183361120000000E+02
      -0.649473124380255E+02       0.183360432703691E+02
      -0.649475289437509E+02       0.183360216870534E+02
      -0.649476038374311E+02       0.183360142209508E+02
      -0.649501640000000E+02       0.183357590000000E+02
      -0.649501670000000E+02       0.183363030000000E+02
      -0.649513760000000E+02       0.183364380000000E+02
      -0.649523220000000E+02       0.183360010000000E+02
      -0.649565910000000E+02       0.183318970000000E+02
      -0.649565910000000E+02       0.183318970000000E+02
      -0.649551540000000E+02       0.183303230000000E+02
      -0.649552030000000E+02       0.183288710000000E+02
      -0.649556700000000E+02       0.183283480000000E+02
      -0.649621250000000E+02       0.183250380000000E+02
      -0.649630416272038E+02       0.183251244422844E+02
END
         6      -0.650620791203412E+02       0.183802953827161E+02
      -0.650616540000000E+02       0.183782080000000E+02
      -0.650633630000000E+02       0.183784450000000E+02
      -0.650644210000000E+02       0.183802330000000E+02
      -0.650619840000000E+02       0.183815570000000E+02
      -0.650597460000000E+02       0.183819240000000E+02
      -0.650594130000000E+02       0.183808040000000E+02
      -0.650616540000000E+02       0.183782080000000E+02
END
         7      -0.647525872627992E+02       0.183394588086420E+02
      -0.647631244456684E+02       0.183221353680365E+02
      -0.647638580000000E+02       0.183227280000000E+02
      -0.647648130000000E+02       0.183229680000000E+02
      -0.647655620000000E+02       0.183222030000000E+02
      -0.647660550000000E+02       0.183195170000000E+02
      -0.647652180000000E+02       0.183162690000000E+02
      -0.647649180000000E+02       0.183119970000000E+02
      -0.647650886442685E+02       0.183117483149173E+02
      -0.647658320000000E+02       0.183106650000000E+02
      -0.647675720000000E+02       0.183121990000000E+02
      -0.647661640000000E+02       0.183158850000000E+02
      -0.647665680000000E+02       0.183173270000000E+02
      -0.647681180000000E+02       0.183198180000000E+02
      -0.647725850000000E+02       0.183210590000000E+02
      -0.647737990000000E+02       0.183206010000000E+02
      -0.647775030000000E+02       0.183165830000000E+02
      -0.647779028025865E+02       0.183158013155405E+02
      -0.647793770000000E+02       0.183129190000000E+02
      -0.647792530000000E+02       0.183118820000000E+02
      -0.647800420000000E+02       0.183109550000000E+02
      -0.647811480000000E+02       0.183107560000000E+02
      -0.647909240000000E+02       0.183146860000000E+02
      -0.647916330000000E+02       0.183177560000000E+02
      -0.647903110000000E+02       0.183185390000000E+02
      -0.647890450000000E+02       0.183186660000000E+02
      -0.647871510000000E+02       0.183199780000000E+02
      -0.647862110000000E+02       0.183212380000000E+02
      -0.647877950000000E+02       0.183235910000000E+02
      -0.647925160000000E+02       0.183217570000000E+02
      -0.647945030000000E+02       0.183221880000000E+02
      -0.647966139695657E+02       0.183260911427814E+02
      -0.647972510000000E+02       0.183272690000000E+02
      -0.647977051356566E+02       0.183316430722965E+02
      -0.647980790000000E+02       0.183352440000000E+02
      -0.647978610000000E+02       0.183371830000000E+02
      -0.647867610000000E+02       0.183423470000000E+02
      -0.647864870000000E+02       0.183431920000000E+02
      -0.647874760000000E+02       0.183465280000000E+02
      -0.647875340000000E+02       0.183510520000000E+02
      -0.647864460000000E+02       0.183531160000000E+02
      -0.647843710000000E+02       0.183537560000000E+02
      -0.647842815683374E+02       0.183534276069350E+02
      -0.647836210000000E+02       0.183510020000000E+02
      -0.647840660000000E+02       0.183503920000000E+02
      -0.647850120000000E+02       0.183502350000000E+02
      -0.647847250000000E+02       0.183488490000000E+02
      -0.647826210000000E+02       0.183471540000000E+02
      -0.647795150000000E+02       0.183461030000000E+02
      -0.647774660000000E+02       0.183469050000000E+02
      -0.647765790000000E+02       0.183484240000000E+02
      -0.647732080000000E+02       0.183517440000000E+02
      -0.647716309505659E+02       0.183523980504183E+02
      -0.647681431508483E+02       0.183538445471577E+02
      -0.647666230000000E+02       0.183544750000000E+02
      -0.647597860000000E+02       0.183526590000000E+02
      -0.647570250000000E+02       0.183530250000000E+02
      -0.647554013700852E+02       0.183538698001311E+02
      -0.647536040000000E+02       0.183548050000000E+02
      -0.647518756839624E+02       0.183553253776499E+02
      -0.647493093158740E+02       0.183560980838944E+02
      -0.647482800000000E+02       0.183564080000000E+02
      -0.647465990000000E+02       0.183558220000000E+02
      -0.647457014060785E+02       0.183567531488345E+02
      -0.647448870000000E+02       0.183575980000000E+02
      -0.647439510000000E+02       0.183597690000000E+02
      -0.647434330000000E+02       0.183648790000000E+02
      -0.647444960000000E+02       0.183669590000000E+02
      -0.647495810000000E+02       0.183680790000000E+02
      -0.647496529516493E+02       0.183681248697724E+02
      -0.647510900000000E+02       0.183690410000000E+02
      -0.647523240000000E+02       0.183707970000000E+02
      -0.647520990000000E+02       0.183712840000000E+02
      -0.647509730000000E+02       0.183726660000000E+02
      -0.647473135810233E+02       0.183730929186092E+02
      -0.647464900000000E+02       0.183731890000000E+02
      -0.647438725480950E+02       0.183726756383003E+02
      -0.647355330000000E+02       0.183710400000000E+02
      -0.647334600000000E+02       0.183697050000000E+02
      -0.647334565306977E+02       0.183695861763956E+02
      -0.647334240000000E+02       0.183684720000000E+02
      -0.647348020000000E+02       0.183664410000000E+02
      -0.647376550000000E+02       0.183668970000000E+02
      -0.647393820000000E+02       0.183666470000000E+02
      -0.647395950000000E+02       0.183656860000000E+02
      -0.647328180000000E+02       0.183632870000000E+02
      -0.647257630000000E+02       0.183636010000000E+02
      -0.647230510000000E+02       0.183624450000000E+02
      -0.647216650000000E+02       0.183624070000000E+02
      -0.647204160000000E+02       0.183629670000000E+02
      -0.647194780000000E+02       0.183666890000000E+02
      -0.647142241302744E+02       0.183671945562315E+02
      -0.647137265267066E+02       0.183672424383827E+02
      -0.647133050000000E+02       0.183672830000000E+02
      -0.647127652730053E+02       0.183670626107058E+02
      -0.647074740000000E+02       0.183649020000000E+02
      -0.647063560000000E+02       0.183625570000000E+02
      -0.647044070000000E+02       0.183610250000000E+02
      -0.646959837369445E+02       0.183617943398979E+02
      -0.646948050000000E+02       0.183619020000000E+02
      -0.646945287673543E+02       0.183618303276495E+02
      -0.646910010000000E+02       0.183609150000000E+02
      -0.646873060000000E+02       0.183582230000000E+02
      -0.646869410000000E+02       0.183560310000000E+02
      -0.646872714914357E+02       0.183553257184530E+02
      -0.646875080000000E+02       0.183548210000000E+02
      -0.646872580000000E+02       0.183541930000000E+02
      -0.646796400000000E+02       0.183483500000000E+02
      -0.646795473239689E+02       0.183483560532592E+02
      -0.646789140546939E+02       0.183483974160908E+02
      -0.646785241892839E+02       0.183484228806726E+02
      -0.646752460000000E+02       0.183486370000000E+02
      -0.646744570000000E+02       0.183501840000000E+02
      -0.646724290000000E+02       0.183497170000000E+02
      -0.646692790000000E+02       0.183485070000000E+02
      -0.646626680000000E+02       0.183448350000000E+02
      -0.646610440000000E+02       0.183434680000000E+02
      -0.646628930000000E+02       0.183362430000000E+02
      -0.646653820000000E+02       0.183373520000000E+02
      -0.646664950000000E+02       0.183372750000000E+02
      -0.646688590000000E+02       0.183342660000000E+02
      -0.646689850000000E+02       0.183308740000000E+02
      -0.646708330000000E+02       0.183299660000000E+02
      -0.646742410000000E+02       0.183301660000000E+02
      -0.646768558977952E+02       0.183321731539651E+02
      -0.646771840000000E+02       0.183324250000000E+02
      -0.646746380000000E+02       0.183364520000000E+02
      -0.646743870000000E+02       0.183407780000000E+02
      -0.646747550000000E+02       0.183422640000000E+02
      -0.646762720000000E+02       0.183433560000000E+02
      -0.646773020000000E+02       0.183429410000000E+02
      -0.646796520000000E+02       0.183434510000000E+02
      -0.646821310383299E+02       0.183445908502262E+02
      -0.646823880000000E+02       0.183447090000000E+02
      -0.646828930887974E+02       0.183456592312099E+02
      -0.646836350000000E+02       0.183470550000000E+02
      -0.646845700000000E+02       0.183469170000000E+02
      -0.646865870000000E+02       0.183464110000000E+02
      -0.646879750147033E+02       0.183434455326228E+02
      -0.646881330000000E+02       0.183431080000000E+02
      -0.646909000000000E+02       0.183395880000000E+02
      -0.646915876523332E+02       0.183392402458878E+02
      -0.646922130000000E+02       0.183389240000000E+02
      -0.646929620000000E+02       0.183396090000000E+02
      -0.646939660000000E+02       0.183441890000000E+02
      -0.646937160000000E+02       0.183485320000000E+02
      -0.646913210000000E+02       0.183516560000000E+02
      -0.646907060000000E+02       0.183559410000000E+02
      -0.646936610000000E+02       0.183558810000000E+02
      -0.646990580000000E+02       0.183541800000000E+02
      -0.647001940000000E+02       0.183552300000000E+02
      -0.647014850000000E+02       0.183551510000000E+02
      -0.647039440000000E+02       0.183535260000000E+02
      -0.647049850000000E+02       0.183473600000000E+02
      -0.647048130000000E+02       0.183467880000000E+02
      -0.647020980000000E+02       0.183453430000000E+02
      -0.647019350000000E+02       0.183444060000000E+02
      -0.647023910000000E+02       0.183423210000000E+02
      -0.647049800000000E+02       0.183404510000000E+02
      -0.647071090000000E+02       0.183400200000000E+02
      -0.647083170000000E+02       0.183405960000000E+02
      -0.647088960000000E+02       0.183414640000000E+02
      -0.647090340000000E+02       0.183454230000000E+02
      -0.647096240000000E+02       0.183458530000000E+02
      -0.647136260000000E+02       0.183469810000000E+02
      -0.647158930000000E+02       0.183455050000000E+02
      -0.647116071542835E+02       0.183359018995559E+02
      -0.647113720000000E+02       0.183353750000000E+02
      -0.647043800000000E+02       0.183300010000000E+02
      -0.647027000000000E+02       0.183296170000000E+02
      -0.647001885215500E+02       0.183300634002714E+02
      -0.647000670000000E+02       0.183300850000000E+02
      -0.646975010000000E+02       0.183217860000000E+02
      -0.646974851283564E+02       0.183211925768827E+02
      -0.646974715505385E+02       0.183206849173557E+02
      -0.646974650000000E+02       0.183204400000000E+02
      -0.647009310000000E+02       0.183185140000000E+02
      -0.647027056899868E+02       0.183114339308374E+02
      -0.647027072312790E+02       0.183114277819012E+02
      -0.647027164926839E+02       0.183113908338213E+02
      -0.647028300000000E+02       0.183109380000000E+02
      -0.647027932578082E+02       0.183107825386554E+02
      -0.647015840000000E+02       0.183056660000000E+02
      -0.647002270000000E+02       0.183028670000000E+02
      -0.647016160000000E+02       0.182989010000000E+02
      -0.647021080000000E+02       0.182985760000000E+02
      -0.647031710000000E+02       0.182981440000000E+02
      -0.647037460000000E+02       0.182985720000000E+02
      -0.647033700000000E+02       0.183017250000000E+02
      -0.647037734364198E+02       0.183031206561387E+02
      -0.647039909744689E+02       0.183038732116806E+02
      -0.647055367542321E+02       0.183079024488170E+02
      -0.647075980000000E+02       0.183091200000000E+02
      -0.647202545926169E+02       0.183074796824352E+02
      -0.647215870000000E+02       0.183073070000000E+02
      -0.647222780000000E+02       0.183080560000000E+02
      -0.647229970000000E+02       0.183122760000000E+02
      -0.647209130000000E+02       0.183140160000000E+02
      -0.647204820000000E+02       0.183177300000000E+02
      -0.647216490000000E+02       0.183186750000000E+02
      -0.647253862127041E+02       0.183198202876181E+02
      -0.647263740000000E+02       0.183201230000000E+02
      -0.647312780000000E+02       0.183182850000000E+02
      -0.647324360000000E+02       0.183150200000000E+02
      -0.647331843665449E+02       0.183149355882853E+02
      -0.647336240000000E+02       0.183148860000000E+02
      -0.647392450000000E+02       0.183176240000000E+02
      -0.647450150000000E+02       0.183218840000000E+02
      -0.647464590000000E+02       0.183239260000000E+02
      -0.647514390000000E+02       0.183208980000000E+02
      -0.647565030000000E+02       0.183166890000000E+02
      -0.647587480000000E+02       0.183163000000000E+02
      -0.647616580000000E+02       0.183171900000000E+02
      -0.647623230000000E+02       0.183182410000000E+02
      -0.647616270000000E+02       0.183192490000000E+02
      -0.647616426787465E+02       0.183195193815212E+02
      -0.647617290000000E+02       0.183210080000000E+02
      -0.647617290000000E+02       0.183210080000000E+02
      -0.647631244456684E+02       0.183221353680365E+02
END
         8      -0.648035521065191E+02       0.183675491913580E+02
      -0.647973900000000E+02       0.183692740000000E+02
      -0.648011230000000E+02       0.183674520000000E+02
      -0.648040520000000E+02       0.183667680000000E+02
      -0.648080330000000E+02       0.183669970000000E+02
      -0.648034600000000E+02       0.183683600000000E+02
      -0.647973900000000E+02       0.183692740000000E+02
END
         9      -0.648064028521833E+02       0.183617775648148E+02
      -0.647975300000000E+02       0.183638250000000E+02
      -0.648017350000000E+02       0.183601120000000E+02
      -0.648044407216587E+02       0.183603811910775E+02
      -0.648128626562508E+02       0.183612190857074E+02
      -0.648129020000000E+02       0.183612230000000E+02
      -0.648132590000000E+02       0.183615220000000E+02
      -0.648121150000000E+02       0.183624900000000E+02
      -0.648076190000000E+02       0.183623280000000E+02
      -0.648027450000000E+02       0.183642600000000E+02
      -0.648018220000000E+02       0.183654550000000E+02
      -0.647989910000000E+02       0.183652790000000E+02
      -0.647975300000000E+02       0.183638250000000E+02
END
        10      -0.650521599790309E+02       0.183619914938272E+02
      -0.650515730371310E+02       0.183640433485196E+02
      -0.650514610000000E+02       0.183642670000000E+02
      -0.650512807212511E+02       0.183641644992793E+02
      -0.650508982858351E+02       0.183639470587545E+02
      -0.650498130000000E+02       0.183633300000000E+02
      -0.650495675140596E+02       0.183627414252754E+02
      -0.650493429133042E+02       0.183622029246690E+02
      -0.650492320000000E+02       0.183619370000000E+02
      -0.650496995983543E+02       0.183609209124905E+02
      -0.650503650000000E+02       0.183594750000000E+02
      -0.650513700632855E+02       0.183591150847679E+02
      -0.650514820000000E+02       0.183590750000000E+02
      -0.650521660000000E+02       0.183595650000000E+02
      -0.650527171085880E+02       0.183600262472368E+02
      -0.650565038344375E+02       0.183631955261643E+02
      -0.650566430000000E+02       0.183633120000000E+02
      -0.650561530000000E+02       0.183640790000000E+02
      -0.650538540000000E+02       0.183630980000000E+02
      -0.650517260000000E+02       0.183637380000000E+02
      -0.650515730371310E+02       0.183640433485196E+02
END
        11      -0.648607168283381E+02       0.183592470740741E+02
      -0.648760150000000E+02       0.183604070000000E+02
      -0.648709480000000E+02       0.183608830000000E+02
      -0.648541810000000E+02       0.183602690000000E+02
      -0.648530440000000E+02       0.183624710000000E+02
      -0.648493580000000E+02       0.183606290000000E+02
      -0.648477190000000E+02       0.183575700000000E+02
      -0.648478787069037E+02       0.183574689743755E+02
      -0.648516000000000E+02       0.183551150000000E+02
      -0.648520290000000E+02       0.183563780000000E+02
      -0.648536310000000E+02       0.183570770000000E+02
      -0.648583240000000E+02       0.183577150000000E+02
      -0.648627320000000E+02       0.183573000000000E+02
      -0.648743280000000E+02       0.183595390000000E+02
      -0.648760150000000E+02       0.183604070000000E+02
END
        12      -0.650455903153309E+02       0.183590283209877E+02
      -0.650448130000000E+02       0.183558630000000E+02
      -0.650494150000000E+02       0.183607440000000E+02
      -0.650473620000000E+02       0.183615440000000E+02
      -0.650448780000000E+02       0.183606590000000E+02
      -0.650432590000000E+02       0.183595030000000E+02
      -0.650440730000000E+02       0.183563930000000E+02
      -0.650443390000000E+02       0.183558040000000E+02
      -0.650448130000000E+02       0.183558630000000E+02
END
        13      -0.648197070593093E+02       0.183597341728395E+02
      -0.648152890000000E+02       0.183604600000000E+02
      -0.648149380000000E+02       0.183594970000000E+02
      -0.648153210000000E+02       0.183585470000000E+02
      -0.648163580000000E+02       0.183580400000000E+02
      -0.648226140000000E+02       0.183588510000000E+02
      -0.648250890000000E+02       0.183600820000000E+02
      -0.648250650000000E+02       0.183605040000000E+02
      -0.648229140000000E+02       0.183610560000000E+02
      -0.648152890000000E+02       0.183604600000000E+02
END
        14      -0.648321852241479E+02       0.183588003148148E+02
      -0.648394220000000E+02       0.183575460000000E+02
      -0.648321510000000E+02       0.183598120000000E+02
      -0.648274490000000E+02       0.183605030000000E+02
      -0.648260960000000E+02       0.183602570000000E+02
      -0.648262530000000E+02       0.183597130000000E+02
      -0.648300650000000E+02       0.183584340000000E+02
      -0.648383440000000E+02       0.183566180000000E+02
      -0.648398740000000E+02       0.183568550000000E+02
      -0.648394220000000E+02       0.183575460000000E+02
END
        15      -0.650779925953812E+02       0.183416930000000E+02
      -0.650817610739273E+02       0.183420854590986E+02
      -0.650808120000000E+02       0.183430590000000E+02
      -0.650760230000000E+02       0.183468030000000E+02
      -0.650748220000000E+02       0.183468050000000E+02
      -0.650750740000000E+02       0.183439550000000E+02
      -0.650736860000000E+02       0.183418670000000E+02
      -0.650773470000000E+02       0.183377710000000E+02
      -0.650846940000000E+02       0.183351410000000E+02
      -0.650854470000000E+02       0.183355600000000E+02
      -0.650855190000000E+02       0.183370330000000E+02
      -0.650847245017096E+02       0.183389971763291E+02
      -0.650846910000000E+02       0.183390800000000E+02
      -0.650838938235167E+02       0.183398977275656E+02
      -0.650817610739273E+02       0.183420854590986E+02
END
        16      -0.648736756225822E+02       0.183135003271605E+02
      -0.648708840000000E+02       0.183081780000000E+02
      -0.648707520000000E+02       0.183075050000000E+02
      -0.648739690000000E+02       0.183085060000000E+02
      -0.648752270000000E+02       0.183159460000000E+02
      -0.648699600000000E+02       0.183181780000000E+02
      -0.648695650000000E+02       0.183171420000000E+02
      -0.648722460000000E+02       0.183145360000000E+02
      -0.648727100000000E+02       0.183128890000000E+02
      -0.648722560000000E+02       0.183103530000000E+02
      -0.648708840000000E+02       0.183081780000000E+02
END
        17      -0.648284610117542E+02       0.183106531851852E+02
      -0.648288117034411E+02       0.183072542061778E+02
      -0.648304830000000E+02       0.183054650000000E+02
      -0.648349167425322E+02       0.183039776648557E+02
      -0.648355030000000E+02       0.183037810000000E+02
      -0.648360610000000E+02       0.183043270000000E+02
      -0.648360478531474E+02       0.183048046689789E+02
      -0.648360400000000E+02       0.183050900000000E+02
      -0.648336940000000E+02       0.183058880000000E+02
      -0.648313380000000E+02       0.183085440000000E+02
      -0.648312610000000E+02       0.183116260000000E+02
      -0.648317720000000E+02       0.183132190000000E+02
      -0.648323410000000E+02       0.183134010000000E+02
      -0.648312310000000E+02       0.183152120000000E+02
      -0.648282140000000E+02       0.183160150000000E+02
      -0.648258470000000E+02       0.183132350000000E+02
      -0.648252810000000E+02       0.183110340000000E+02
      -0.648254822470302E+02       0.183108185550344E+02
      -0.648288117034411E+02       0.183072542061778E+02
END
        18      -0.648719506646048E+02       0.183063154562184E+02
      -0.648745860000000E+02       0.183081100000000E+02
      -0.648741242950938E+02       0.183080042077735E+02
      -0.648707760000000E+02       0.183072370000000E+02
      -0.648696514693895E+02       0.183047672622897E+02
      -0.648695530000000E+02       0.183045510000000E+02
      -0.648702600000000E+02       0.183041510000000E+02
      -0.648704538393803E+02       0.183042902030635E+02
      -0.648724490000000E+02       0.183057230000000E+02
      -0.648733448384028E+02       0.183057322224824E+02
      -0.648745860000000E+02       0.183057450000000E+02
      -0.648745860000000E+02       0.183057450000000E+02
      -0.648754710000000E+02       0.183078080000000E+02
      -0.648753770000000E+02       0.183081720000000E+02
      -0.648745860000000E+02       0.183081100000000E+02
END
        19      -0.650000551236179E+02       0.183057248333333E+02
      -0.649978655662864E+02       0.183056983827281E+02
      -0.649977760000000E+02       0.183055950000000E+02
      -0.649982199967350E+02       0.183053176394644E+02
      -0.649998264396933E+02       0.183043141098343E+02
      -0.650006030000000E+02       0.183038290000000E+02
      -0.650016201124207E+02       0.183038306547382E+02
      -0.650023449292234E+02       0.183038318339413E+02
      -0.650024470000000E+02       0.183038320000000E+02
      -0.650029290000000E+02       0.183046820000000E+02
      -0.650016730000000E+02       0.183065340000000E+02
      -0.650003310000000E+02       0.183072040000000E+02
      -0.649995920000000E+02       0.183066520000000E+02
      -0.649990790000000E+02       0.183070990000000E+02
      -0.649978655662864E+02       0.183056983827281E+02
END
        20      -0.648255177673455E+02       0.182987628148148E+02
      -0.648290141002602E+02       0.182992848749067E+02
      -0.648290330000000E+02       0.183010940000000E+02
      -0.648282080000000E+02       0.183015830000000E+02
      -0.648266940000000E+02       0.183012570000000E+02
      -0.648251680000000E+02       0.183017490000000E+02
      -0.648248300000000E+02       0.183033880000000E+02
      -0.648236110000000E+02       0.183028250000000E+02
      -0.648213570000000E+02       0.182970450000000E+02
      -0.648222090000000E+02       0.182966680000000E+02
      -0.648282053437568E+02       0.182975337066708E+02
      -0.648287649869278E+02       0.182976145037108E+02
      -0.648289970000000E+02       0.182976480000000E+02
      -0.648290141002602E+02       0.182992848749067E+02
END
        21      -0.648932042041306E+02       0.182776461358025E+02
      -0.648910632348037E+02       0.182780541589985E+02
      -0.648904280000000E+02       0.182774550000000E+02
      -0.648902400000000E+02       0.182765860000000E+02
      -0.648907187807911E+02       0.182763230077344E+02
      -0.648907370000000E+02       0.182763130000000E+02
      -0.648919787427265E+02       0.182768449006412E+02
      -0.648920280000000E+02       0.182768660000000E+02
      -0.648921936574288E+02       0.182768013751736E+02
      -0.648943630044254E+02       0.182759550885085E+02
      -0.648960730000000E+02       0.182752880000000E+02
      -0.648961485572227E+02       0.182757848538751E+02
      -0.648963630000000E+02       0.182771950000000E+02
      -0.648933910000000E+02       0.182794860000000E+02
      -0.648925410000000E+02       0.182794480000000E+02
      -0.648910632348037E+02       0.182780541589985E+02
END
        22      -0.646194641144270E+02       0.177874460308642E+02
      -0.646115262401769E+02       0.177873894272239E+02
      -0.646114650000000E+02       0.177873590000000E+02
      -0.646115238480971E+02       0.177873394749680E+02
      -0.646222430000000E+02       0.177837830000000E+02
      -0.646267320000000E+02       0.177863230000000E+02
      -0.646281090000000E+02       0.177891040000000E+02
      -0.646238220000000E+02       0.177903040000000E+02
      -0.646141640000000E+02       0.177887000000000E+02
      -0.646115262401769E+02       0.177873894272239E+02
END
        23      -0.647700924196465E+02       0.177294078209877E+02
      -0.647852557266906E+02       0.177830584231772E+02
      -0.647826140000000E+02       0.177837950000000E+02
      -0.647789970000000E+02       0.177837640000000E+02
      -0.647760820000000E+02       0.177830720000000E+02
      -0.647757670000000E+02       0.177824970000000E+02
      -0.647720290000000E+02       0.177809640000000E+02
      -0.647684940000000E+02       0.177802350000000E+02
      -0.647605670000000E+02       0.177801820000000E+02
      -0.647580400000000E+02       0.177790340000000E+02
      -0.647602050000000E+02       0.177771080000000E+02
      -0.647597820619698E+02       0.177726482629077E+02
      -0.647596340000000E+02       0.177710870000000E+02
      -0.647590801449450E+02       0.177715615557238E+02
      -0.647543928654651E+02       0.177755777243699E+02
      -0.647524890000000E+02       0.177772090000000E+02
      -0.647541340000000E+02       0.177781670000000E+02
      -0.647538000000000E+02       0.177808970000000E+02
      -0.647488290000000E+02       0.177834490000000E+02
      -0.647414633016602E+02       0.177743002641119E+02
      -0.647384720213101E+02       0.177705848752067E+02
      -0.647376960000000E+02       0.177696210000000E+02
      -0.647364809304659E+02       0.177668883645416E+02
      -0.647363580393856E+02       0.177666119881579E+02
      -0.647363417662018E+02       0.177665753905166E+02
      -0.647362620000000E+02       0.177663960000000E+02
      -0.647322430000000E+02       0.177625060000000E+02
      -0.647321522094770E+02       0.177624984112655E+02
      -0.647302570000000E+02       0.177623400000000E+02
      -0.647272370000000E+02       0.177608650000000E+02
      -0.647243900000000E+02       0.177588930000000E+02
      -0.647237470000000E+02       0.177568910000000E+02
      -0.647194150000000E+02       0.177528890000000E+02
      -0.647178910527908E+02       0.177519655064325E+02
      -0.647146110067222E+02       0.177499778382067E+02
      -0.647123667259210E+02       0.177486178311992E+02
      -0.647098290000000E+02       0.177470800000000E+02
      -0.647097723543106E+02       0.177470776985369E+02
      -0.647081631502386E+02       0.177470123180307E+02
      -0.647070782537377E+02       0.177469682396669E+02
      -0.647065250887898E+02       0.177469457650753E+02
      -0.647044707905302E+02       0.177468623007948E+02
      -0.647014360000000E+02       0.177467390000000E+02
      -0.646995668796181E+02       0.177478311248736E+02
      -0.646964300000000E+02       0.177496640000000E+02
      -0.646891810000000E+02       0.177509210000000E+02
      -0.646828360000000E+02       0.177488560000000E+02
      -0.646807780000000E+02       0.177490970000000E+02
      -0.646801520000000E+02       0.177512700000000E+02
      -0.646805940000000E+02       0.177520880000000E+02
      -0.646895625075939E+02       0.177523941185940E+02
      -0.646933950000000E+02       0.177511870000000E+02
      -0.646953768156188E+02       0.177510517343628E+02
      -0.646951549588881E+02       0.177548800171999E+02
      -0.646951210000000E+02       0.177554660000000E+02
      -0.646875411658189E+02       0.177545932782590E+02
      -0.646850270000000E+02       0.177548880000000E+02
      -0.646827360000000E+02       0.177570230000000E+02
      -0.646827490000000E+02       0.177577870000000E+02
      -0.646780770000000E+02       0.177599370000000E+02
      -0.646674510000000E+02       0.177604420000000E+02
      -0.646617275823601E+02       0.177602684239515E+02
      -0.646612190000000E+02       0.177602530000000E+02
      -0.646611815671473E+02       0.177602794923898E+02
      -0.646590394188396E+02       0.177617955571255E+02
      -0.646582653949009E+02       0.177623433578514E+02
      -0.646576154655199E+02       0.177628033330135E+02
      -0.646564460000000E+02       0.177636310000000E+02
      -0.646555310000000E+02       0.177638230000000E+02
      -0.646434050000000E+02       0.177597290000000E+02
      -0.646423851148411E+02       0.177595943092841E+02
      -0.646420841951563E+02       0.177595545684491E+02
      -0.646399370000000E+02       0.177592710000000E+02
      -0.646367449320872E+02       0.177592890989141E+02
      -0.646269475107075E+02       0.177593446499527E+02
      -0.646222080868915E+02       0.177593715223209E+02
      -0.646212420000000E+02       0.177593770000000E+02
      -0.646199140000000E+02       0.177595000000000E+02
      -0.646168490000000E+02       0.177615480000000E+02
      -0.646120650000000E+02       0.177612610000000E+02
      -0.646107130000000E+02       0.177576100000000E+02
      -0.646087295766711E+02       0.177566691754879E+02
      -0.646081539657772E+02       0.177563961380427E+02
      -0.646048080000000E+02       0.177548090000000E+02
      -0.646015631452363E+02       0.177550848627417E+02
      -0.646005970000000E+02       0.177551670000000E+02
      -0.646005713805439E+02       0.177553125118127E+02
      -0.646002910000000E+02       0.177569050000000E+02
      -0.645927640000000E+02       0.177563690000000E+02
      -0.645904260000000E+02       0.177579630000000E+02
      -0.645839790000000E+02       0.177605480000000E+02
      -0.645796920000000E+02       0.177594230000000E+02
      -0.645761440000000E+02       0.177597080000000E+02
      -0.645752280000000E+02       0.177605070000000E+02
      -0.645727440000000E+02       0.177588400000000E+02
      -0.645669430000000E+02       0.177572160000000E+02
      -0.645654950000000E+02       0.177554100000000E+02
      -0.645683800000000E+02       0.177515390000000E+02
      -0.645708780000000E+02       0.177518990000000E+02
      -0.645742760000000E+02       0.177487210000000E+02
      -0.645753930000000E+02       0.177470780000000E+02
      -0.645838550000000E+02       0.177462480000000E+02
      -0.645872010000000E+02       0.177464880000000E+02
      -0.645883420000000E+02       0.177473130000000E+02
      -0.645916960000000E+02       0.177476020000000E+02
      -0.646021910000000E+02       0.177463800000000E+02
      -0.646035260000000E+02       0.177455270000000E+02
      -0.646057500000000E+02       0.177411530000000E+02
      -0.646058005560964E+02       0.177410927643778E+02
      -0.646058030814619E+02       0.177410897555030E+02
      -0.646110200000000E+02       0.177348740000000E+02
      -0.646132010000000E+02       0.177357510000000E+02
      -0.646174910000000E+02       0.177352950000000E+02
      -0.646262720000000E+02       0.177313440000000E+02
      -0.646302240000000E+02       0.177292120000000E+02
      -0.646320660000000E+02       0.177275580000000E+02
      -0.646339890000000E+02       0.177243910000000E+02
      -0.646377540000000E+02       0.177223310000000E+02
      -0.646399370000000E+02       0.177221040000000E+02
      -0.646463156356344E+02       0.177237621328638E+02
      -0.646470181857295E+02       0.177239447614803E+02
      -0.646510505421931E+02       0.177249929766715E+02
      -0.646549770000000E+02       0.177281740000000E+02
      -0.646573020000000E+02       0.177280600000000E+02
      -0.646585870000000E+02       0.177274170000000E+02
      -0.646593880000000E+02       0.177261730000000E+02
      -0.646591536920419E+02       0.177227186776194E+02
      -0.646557280000000E+02       0.177235280000000E+02
      -0.646528946667394E+02       0.177234235651372E+02
      -0.646538467264713E+02       0.177228414714529E+02
      -0.646545050000000E+02       0.177224390000000E+02
      -0.646575156576604E+02       0.177215336228309E+02
      -0.646614450306085E+02       0.177193302425278E+02
      -0.646627119845227E+02       0.177181816373955E+02
      -0.646632620000000E+02       0.177176830000000E+02
      -0.646648761868891E+02       0.177168865364402E+02
      -0.646694880000000E+02       0.177146110000000E+02
      -0.646697167467103E+02       0.177145930338126E+02
      -0.646755230000000E+02       0.177141370000000E+02
      -0.646815380000000E+02       0.177118010000000E+02
      -0.646854890000000E+02       0.177089960000000E+02
      -0.646861890000000E+02       0.177075810000000E+02
      -0.646919920000000E+02       0.177059010000000E+02
      -0.646940230000000E+02       0.177057780000000E+02
      -0.646959000000000E+02       0.177069170000000E+02
      -0.647075840000000E+02       0.177056680000000E+02
      -0.647101460000000E+02       0.177043730000000E+02
      -0.647118710000000E+02       0.177025320000000E+02
      -0.647170280000000E+02       0.177001590000000E+02
      -0.647196800000000E+02       0.177002160000000E+02
      -0.647218830000000E+02       0.177014620000000E+02
      -0.647219723250225E+02       0.177014049346300E+02
      -0.647226140000000E+02       0.177009950000000E+02
      -0.647225830000000E+02       0.177002900000000E+02
      -0.647249590000000E+02       0.177029540000000E+02
      -0.647283819198522E+02       0.177040720602960E+02
      -0.647287923494373E+02       0.177042061227465E+02
      -0.647298390000000E+02       0.177045480000000E+02
      -0.647309353644692E+02       0.177045353526810E+02
      -0.647349908220929E+02       0.177044885701849E+02
      -0.647353870000000E+02       0.177044840000000E+02
      -0.647355208869177E+02       0.177044178069704E+02
      -0.647379740000000E+02       0.177032050000000E+02
      -0.647400170000000E+02       0.177011700000000E+02
      -0.647401440000000E+02       0.176968620000000E+02
      -0.647418920000000E+02       0.176958070000000E+02
      -0.647423220000000E+02       0.176948370000000E+02
      -0.647418230000000E+02       0.176927210000000E+02
      -0.647401690000000E+02       0.176895180000000E+02
      -0.647391200000000E+02       0.176893930000000E+02
      -0.647398530000000E+02       0.176881400000000E+02
      -0.647407600485516E+02       0.176898182275800E+02
      -0.647425100000000E+02       0.176930560000000E+02
      -0.647436810000000E+02       0.176987120000000E+02
      -0.647452680000000E+02       0.177019960000000E+02
      -0.647487880000000E+02       0.176999740000000E+02
      -0.647447940000000E+02       0.176923740000000E+02
      -0.647454143093017E+02       0.176922751823201E+02
      -0.647455410000000E+02       0.176922550000000E+02
      -0.647455948226355E+02       0.176923482104881E+02
      -0.647506120000000E+02       0.177010370000000E+02
      -0.647544220000000E+02       0.176993360000000E+02
      -0.647513820000000E+02       0.176930160000000E+02
      -0.647522470000000E+02       0.176925560000000E+02
      -0.647522807582993E+02       0.176926211061977E+02
      -0.647549080000000E+02       0.176976880000000E+02
      -0.647558870000000E+02       0.176974100000000E+02
      -0.647568640000000E+02       0.176993660000000E+02
      -0.647596570000000E+02       0.176984620000000E+02
      -0.647624050000000E+02       0.176955420000000E+02
      -0.647604440000000E+02       0.176926280000000E+02
      -0.647611470000000E+02       0.176929120000000E+02
      -0.647626600000000E+02       0.176951250000000E+02
      -0.647638300000000E+02       0.176945740000000E+02
      -0.647672860000000E+02       0.177004800000000E+02
      -0.647667100000000E+02       0.177015970000000E+02
      -0.647675130000000E+02       0.177056220000000E+02
      -0.647697220000000E+02       0.177069560000000E+02
      -0.647677130000000E+02       0.177053750000000E+02
      -0.647668850000000E+02       0.177017150000000E+02
      -0.647674640000000E+02       0.177008170000000E+02
      -0.647693130000000E+02       0.177038100000000E+02
      -0.647694700000000E+02       0.177047150000000E+02
      -0.647683840000000E+02       0.177044960000000E+02
      -0.647684090000000E+02       0.177052520000000E+02
      -0.647697620000000E+02       0.177056160000000E+02
      -0.647712850000000E+02       0.177092020000000E+02
      -0.647722050000000E+02       0.177088650000000E+02
      -0.647714520000000E+02       0.177063780000000E+02
      -0.647727300000000E+02       0.177040980000000E+02
      -0.647726870000000E+02       0.177030320000000E+02
      -0.647717990000000E+02       0.177019720000000E+02
      -0.647690360000000E+02       0.177011940000000E+02
      -0.647679100000000E+02       0.176994540000000E+02
      -0.647686600000000E+02       0.176999100000000E+02
      -0.647691060000000E+02       0.176992450000000E+02
      -0.647674770000000E+02       0.176987770000000E+02
      -0.647646160000000E+02       0.176942420000000E+02
      -0.647644910000000E+02       0.176912480000000E+02
      -0.647653600000000E+02       0.176898370000000E+02
      -0.647654840000000E+02       0.176892630000000E+02
      -0.647648700000000E+02       0.176891270000000E+02
      -0.647648504340250E+02       0.176889591445304E+02
      -0.647648130000000E+02       0.176886380000000E+02
      -0.647652640000000E+02       0.176881440000000E+02
      -0.647665745374996E+02       0.176895021190922E+02
      -0.647692091374001E+02       0.176905853147727E+02
      -0.647716090000000E+02       0.176915720000000E+02
      -0.647723950000000E+02       0.176923130000000E+02
      -0.647724373595639E+02       0.176925829908124E+02
      -0.647726010000000E+02       0.176936260000000E+02
      -0.647734410000000E+02       0.176941900000000E+02
      -0.647741100000000E+02       0.176938060000000E+02
      -0.647745327949207E+02       0.176938775983558E+02
      -0.647766610000000E+02       0.176942380000000E+02
      -0.647779580000000E+02       0.176948120000000E+02
      -0.647780914169657E+02       0.176953436765647E+02
      -0.647781590000000E+02       0.176956130000000E+02
      -0.647789270000000E+02       0.176960200000000E+02
      -0.647794190000000E+02       0.176959420000000E+02
      -0.647797920713397E+02       0.176952569729960E+02
      -0.647808230000000E+02       0.176933640000000E+02
      -0.647814530000000E+02       0.176931590000000E+02
      -0.647817380286314E+02       0.176951577632774E+02
      -0.647818530000000E+02       0.176959640000000E+02
      -0.647842400000000E+02       0.176958070000000E+02
      -0.647851610000000E+02       0.176966070000000E+02
      -0.647850640000000E+02       0.176971580000000E+02
      -0.647835800000000E+02       0.176976770000000E+02
      -0.647834510000000E+02       0.176992430000000E+02
      -0.647852430000000E+02       0.176999830000000E+02
      -0.647855370000000E+02       0.177018910000000E+02
      -0.647865200000000E+02       0.177036120000000E+02
      -0.647872950000000E+02       0.177036940000000E+02
      -0.647866770000000E+02       0.177034040000000E+02
      -0.647857030000000E+02       0.177016350000000E+02
      -0.647855220000000E+02       0.176996070000000E+02
      -0.647835870000000E+02       0.176988480000000E+02
      -0.647840520000000E+02       0.176977370000000E+02
      -0.647854070000000E+02       0.176972800000000E+02
      -0.647866230000000E+02       0.176947870000000E+02
      -0.647876110000000E+02       0.176948090000000E+02
      -0.647879660000000E+02       0.176955570000000E+02
      -0.647892980000000E+02       0.176953680000000E+02
      -0.647913904406101E+02       0.176941205738211E+02
      -0.647934630000000E+02       0.176928850000000E+02
      -0.647985300000000E+02       0.176945100000000E+02
      -0.648023800000000E+02       0.176939730000000E+02
      -0.648034650000000E+02       0.176933090000000E+02
      -0.648036630000000E+02       0.176926430000000E+02
      -0.648066817887671E+02       0.176920824371341E+02
      -0.648086390000000E+02       0.176917190000000E+02
      -0.648134430000000E+02       0.176891110000000E+02
      -0.648145770000000E+02       0.176895420000000E+02
      -0.648155600000000E+02       0.176888300000000E+02
      -0.648165920000000E+02       0.176890990000000E+02
      -0.648176283623072E+02       0.176885281543371E+02
      -0.648176940000000E+02       0.176884920000000E+02
      -0.648199130000000E+02       0.176882100000000E+02
      -0.648221688307173E+02       0.176868421677363E+02
      -0.648224940000000E+02       0.176866450000000E+02
      -0.648235350000000E+02       0.176869380000000E+02
      -0.648262080000000E+02       0.176864430000000E+02
      -0.648297290000000E+02       0.176840440000000E+02
      -0.648298430000000E+02       0.176834760000000E+02
      -0.648324036764594E+02       0.176822575179521E+02
      -0.648328650000000E+02       0.176820380000000E+02
      -0.648335962813859E+02       0.176823009173795E+02
      -0.648344810000000E+02       0.176826190000000E+02
      -0.648348140000000E+02       0.176822440000000E+02
      -0.648372020000000E+02       0.176804770000000E+02
      -0.648390172945331E+02       0.176814790845544E+02
      -0.648392780000000E+02       0.176816230000000E+02
      -0.648395980000000E+02       0.176839880000000E+02
      -0.648405240000000E+02       0.176860000000000E+02
      -0.648444490000000E+02       0.176871420000000E+02
      -0.648538228892036E+02       0.176870637151226E+02
      -0.648541480000000E+02       0.176870610000000E+02
      -0.648562740000000E+02       0.176863130000000E+02
      -0.648580696171492E+02       0.176863508301680E+02
      -0.648671910000000E+02       0.176865430000000E+02
      -0.648729586718945E+02       0.176857415921797E+02
      -0.648793610000000E+02       0.176848520000000E+02
      -0.648839110000000E+02       0.176854810000000E+02
      -0.648917410000000E+02       0.176807160000000E+02
      -0.649004890000000E+02       0.176743130000000E+02
      -0.649026900000000E+02       0.176784790000000E+02
      -0.649028760000000E+02       0.176797100000000E+02
      -0.649018030000000E+02       0.176819490000000E+02
      -0.648912540000000E+02       0.176931430000000E+02
      -0.648854162615332E+02       0.177017822117319E+02
      -0.648850630000000E+02       0.177023050000000E+02
      -0.648842072552343E+02       0.177050984064539E+02
      -0.648834020000000E+02       0.177077270000000E+02
      -0.648833785328408E+02       0.177079591060505E+02
      -0.648833579035212E+02       0.177081631439512E+02
      -0.648833524952644E+02       0.177082166352631E+02
      -0.648830910000000E+02       0.177108030000000E+02
      -0.648831496380390E+02       0.177120893463518E+02
      -0.648833495741351E+02       0.177164753570745E+02
      -0.648833770000000E+02       0.177170770000000E+02
      -0.648838153129097E+02       0.177183703112243E+02
      -0.648848245136587E+02       0.177213481168683E+02
      -0.648898420000000E+02       0.177361530000000E+02
      -0.648921440000000E+02       0.177402290000000E+02
      -0.648938870000000E+02       0.177448040000000E+02
      -0.648936830000000E+02       0.177476120000000E+02
      -0.648882200000000E+02       0.177608370000000E+02
      -0.648813610000000E+02       0.177673580000000E+02
      -0.648769850000000E+02       0.177696880000000E+02
      -0.648718880000000E+02       0.177710950000000E+02
      -0.648702700000000E+02       0.177709410000000E+02
      -0.648683270000000E+02       0.177697090000000E+02
      -0.648642300000000E+02       0.177671750000000E+02
      -0.648495280000000E+02       0.177635260000000E+02
      -0.648388440000000E+02       0.177617710000000E+02
      -0.648332040000000E+02       0.177620030000000E+02
      -0.648224963957890E+02       0.177660947045828E+02
      -0.648187770000000E+02       0.177675160000000E+02
      -0.648132120000000E+02       0.177707670000000E+02
      -0.648129792554235E+02       0.177709293583612E+02
      -0.648094490000000E+02       0.177733920000000E+02
      -0.648076460000000E+02       0.177775250000000E+02
      -0.648035770000000E+02       0.177794610000000E+02
      -0.647998980000000E+02       0.177781320000000E+02
      -0.647985010000000E+02       0.177782930000000E+02
      -0.647977934968522E+02       0.177784506690297E+02
      -0.647919810000000E+02       0.177797460000000E+02
      -0.647899950000000E+02       0.177817370000000E+02
      -0.647852557266906E+02       0.177830584231772E+02
END
        24      -0.647616076263119E+02       0.176842041913580E+02
      -0.647652211882771E+02       0.176825048549595E+02
      -0.647631870000000E+02       0.176816960000000E+02
      -0.647623590000000E+02       0.176838550000000E+02
      -0.647646220000000E+02       0.176846550000000E+02
      -0.647644230000000E+02       0.176865450000000E+02
      -0.647591910000000E+02       0.176838560000000E+02
      -0.647589690000000E+02       0.176833580000000E+02
      -0.647600530000000E+02       0.176823480000000E+02
      -0.647637566487686E+02       0.176812911343998E+02
      -0.647640620000000E+02       0.176812040000000E+02
      -0.647653780000000E+02       0.176821300000000E+02
      -0.647652970000000E+02       0.176825350000000E+02
      -0.647652211882771E+02       0.176825048549595E+02
END
        25      -0.649349054293079E+02       0.183308621851852E+02
      -0.649393080000000E+02       0.183336700000000E+02
      -0.649393410000000E+02       0.183349160000000E+02
      -0.649376240000000E+02       0.183369340000000E+02
      -0.649361510000000E+02       0.183364690000000E+02
      -0.649317410000000E+02       0.183303990000000E+02
      -0.649300610000000E+02       0.183269780000000E+02
      -0.649301370000000E+02       0.183262050000000E+02
      -0.649328810000000E+02       0.183231290000000E+02
      -0.649333690000000E+02       0.183230800000000E+02
      -0.649333690000000E+02       0.183230800000000E+02
      -0.649350320000000E+02       0.183257930000000E+02
      -0.649393080000000E+02       0.183336700000000E+02
END
        26      -0.649542436563930E+02       0.183202053333333E+02
      -0.649579160910162E+02       0.183190367796993E+02
      -0.649563400000000E+02       0.183212290000000E+02
      -0.649520160000000E+02       0.183239850000000E+02
      -0.649478670000000E+02       0.183282490000000E+02
      -0.649474780000000E+02       0.183291820000000E+02
      -0.649467290000000E+02       0.183300600000000E+02
      -0.649443140000000E+02       0.183305950000000E+02
      -0.649423390000000E+02       0.183284360000000E+02
      -0.649401330000000E+02       0.183182080000000E+02
      -0.649405790000000E+02       0.183179070000000E+02
      -0.649427820000000E+02       0.183188260000000E+02
      -0.649443780000000E+02       0.183223630000000E+02
      -0.649448910000000E+02       0.183226560000000E+02
      -0.649481800000000E+02       0.183217790000000E+02
      -0.649516030000000E+02       0.183201120000000E+02
      -0.649511000000000E+02       0.183179870000000E+02
      -0.649513700000000E+02       0.183160080000000E+02
      -0.649534440000000E+02       0.183083640000000E+02
      -0.649553700000000E+02       0.183072890000000E+02
      -0.649579820000000E+02       0.183068890000000E+02
      -0.649603150000000E+02       0.183082980000000E+02
      -0.649608740623432E+02       0.183126546632480E+02
      -0.649610477060575E+02       0.183140078346735E+02
      -0.649611210000000E+02       0.183145790000000E+02
      -0.649579160910162E+02       0.183190367796993E+02
END
END
